Date,Time,Open,High,Low,Close,Volume,OpenInt
2017-11-14,01:00:00,148.988,149.056,148.978,149.044,0,0
2017-11-14,02:00:00,149.06,149.221,149.021,149.12,0,0
2017-11-14,03:00:00,149.107,149.205,149.096,149.151,0,0
2017-11-14,04:00:00,149.151,149.189,149.011,149.047,0,0
2017-11-14,05:00:00,149.044,149.114,148.995,149.025,0,0
2017-11-14,06:00:00,149.025,149.088,148.988,149.074,0,0
2017-11-14,07:00:00,149.073,149.141,149.049,149.082,0,0
2017-11-14,08:00:00,149.078,149.114,148.873,148.929,0,0
2017-11-14,09:00:00,148.947,149.065,148.812,148.941,0,0
2017-11-14,10:00:00,148.955,149.437,148.931,149.364,0,0
2017-11-14,11:00:00,149.361,149.387,148.794,149.012,0,0
2017-11-14,12:00:00,148.997,149.048,148.792,148.824,0,0
2017-11-14,13:00:00,148.821,149.113,148.789,149.03,0,0
2017-11-14,14:00:00,149.022,149.022,148.774,148.844,0,0
2017-11-14,15:00:00,148.844,148.863,148.659,148.826,0,0
2017-11-14,16:00:00,148.822,148.835,148.627,148.732,0,0
2017-11-14,17:00:00,148.73,148.956,148.625,148.838,0,0
2017-11-14,18:00:00,148.84,149.025,148.752,149.016,0,0
2017-11-14,19:00:00,149.01,149.546,149.007,149.477,0,0
2017-11-14,20:00:00,149.468,149.485,149.306,149.333,0,0
2017-11-14,21:00:00,149.33,149.365,149.24,149.29,0,0
2017-11-14,22:00:00,149.292,149.312,149.222,149.297,0,0
2017-11-14,23:00:00,149.302,149.383,149.298,149.368,0,0
2017-11-14,23:59:00,149.36,149.377,149.269,149.35,0,0
2017-11-15,01:00:00,149.348,149.353,149.205,149.213,0,0
2017-11-15,02:00:00,149.228,149.323,149.14,149.291,0,0
2017-11-15,03:00:00,149.296,149.296,148.757,148.788,0,0
2017-11-15,04:00:00,148.791,148.791,148.459,148.729,0,0
2017-11-15,05:00:00,148.724,148.812,148.651,148.698,0,0
2017-11-15,06:00:00,148.694,148.8,148.68,148.789,0,0
2017-11-15,07:00:00,148.784,148.854,148.719,148.737,0,0
2017-11-15,08:00:00,148.731,148.91,148.704,148.786,0,0
2017-11-15,09:00:00,148.79,148.983,148.742,148.819,0,0
2017-11-15,10:00:00,148.817,148.964,148.616,148.912,0,0
2017-11-15,11:00:00,148.922,149.009,148.129,148.242,0,0
2017-11-15,12:00:00,148.212,148.615,148.16,148.353,0,0
2017-11-15,13:00:00,148.384,148.591,148.347,148.453,0,0
2017-11-15,14:00:00,148.439,148.504,148.209,148.477,0,0
2017-11-15,15:00:00,148.481,148.564,148.291,148.311,0,0
2017-11-15,16:00:00,148.314,148.592,148.267,148.31,0,0
2017-11-15,17:00:00,148.311,148.991,148.306,148.853,0,0
2017-11-15,18:00:00,148.852,149.005,148.809,148.95,0,0
2017-11-15,19:00:00,148.955,149.036,148.882,149.001,0,0
2017-11-15,20:00:00,149.002,149.002,148.767,148.795,0,0
2017-11-15,21:00:00,148.791,148.852,148.597,148.63,0,0
2017-11-15,22:00:00,148.639,148.704,148.498,148.565,0,0
2017-11-15,23:00:00,148.579,148.688,148.546,148.676,0,0
2017-11-15,23:59:00,148.68,148.727,148.533,148.701,0,0
2017-11-16,01:00:00,148.678,148.678,148.549,148.549,0,0
2017-11-16,02:00:00,148.546,148.875,148.546,148.814,0,0
2017-11-16,03:00:00,148.808,148.845,148.695,148.738,0,0
2017-11-16,04:00:00,148.73,148.861,148.73,148.828,0,0
2017-11-16,05:00:00,148.824,148.902,148.769,148.838,0,0
2017-11-16,06:00:00,148.837,148.99,148.834,148.939,0,0
2017-11-16,07:00:00,148.92,148.961,148.838,148.94,0,0
2017-11-16,08:00:00,148.938,149.015,148.81,148.989,0,0
2017-11-16,09:00:00,148.992,149.065,148.743,148.873,0,0
2017-11-16,10:00:00,148.86,149.027,148.806,148.949,0,0
2017-11-16,11:00:00,148.953,149.298,148.866,149.228,0,0
2017-11-16,12:00:00,149.247,149.46,149.247,149.438,0,0
2017-11-16,13:00:00,149.417,149.428,149.234,149.291,0,0
2017-11-16,14:00:00,149.29,149.35,149.166,149.338,0,0
2017-11-16,15:00:00,149.346,149.373,149.079,149.174,0,0
2017-11-16,16:00:00,149.161,149.238,148.865,148.948,0,0
2017-11-16,17:00:00,148.94,148.989,148.725,148.826,0,0
2017-11-16,18:00:00,148.83,149.024,148.803,148.985,0,0
2017-11-16,19:00:00,148.985,149.015,148.798,148.896,0,0
2017-11-16,20:00:00,148.896,148.985,148.885,148.959,0,0
2017-11-16,21:00:00,148.96,149.065,148.939,148.978,0,0
2017-11-16,22:00:00,148.987,149.144,148.952,149.144,0,0
2017-11-16,23:00:00,149.112,149.176,149.082,149.176,0,0
2017-11-16,23:59:00,149.163,149.237,149.109,149.235,0,0
2017-11-17,01:00:00,149.211,149.304,149.144,149.217,0,0
2017-11-17,02:00:00,149.217,149.22,149.033,149.139,0,0
2017-11-17,03:00:00,149.14,149.32,148.972,149.008,0,0
2017-11-17,04:00:00,149.02,149.075,148.82,148.848,0,0
2017-11-17,05:00:00,148.853,149.008,148.851,148.878,0,0
2017-11-17,06:00:00,148.876,148.942,148.83,148.94,0,0
2017-11-17,07:00:00,148.95,148.95,148.85,148.943,0,0
2017-11-17,08:00:00,148.952,149.027,148.893,148.929,0,0
2017-11-17,09:00:00,148.928,149.172,148.911,149.093,0,0
2017-11-17,10:00:00,149.088,149.118,148.915,149.07,0,0
2017-11-17,11:00:00,149.069,149.241,148.947,149.117,0,0
2017-11-17,12:00:00,149.121,149.215,148.683,148.711,0,0
2017-11-17,13:00:00,148.698,148.795,148.359,148.624,0,0
2017-11-17,14:00:00,148.616,148.766,148.533,148.62,0,0
2017-11-17,15:00:00,148.618,148.669,148.331,148.337,0,0
2017-11-17,16:00:00,148.337,148.365,148.158,148.356,0,0
2017-11-17,17:00:00,148.33,148.505,148.145,148.167,0,0
2017-11-17,18:00:00,148.234,148.245,148.005,148.057,0,0
2017-11-17,19:00:00,148.057,148.074,147.938,147.945,0,0
2017-11-17,20:00:00,147.95,148.11,147.948,148.11,0,0
2017-11-17,21:00:00,148.111,148.238,148.049,148.193,0,0
2017-11-17,22:00:00,148.201,148.22,148.03,148.15,0,0
2017-11-17,23:00:00,148.138,148.18,148.138,148.162,0,0
2017-11-20,01:00:00,148.254,148.268,147.682,147.869,0,0
2017-11-20,02:00:00,147.864,148.157,147.756,148.067,0,0
2017-11-20,03:00:00,148.059,148.131,147.857,147.875,0,0
2017-11-20,04:00:00,147.872,147.887,147.646,147.822,0,0
2017-11-20,05:00:00,147.83,147.89,147.771,147.87,0,0
2017-11-20,06:00:00,147.87,147.959,147.811,147.853,0,0
2017-11-20,07:00:00,147.866,148.017,147.843,147.997,0,0
2017-11-20,08:00:00,148,148.126,147.879,148.082,0,0
2017-11-20,09:00:00,148.095,148.406,148.015,148.406,0,0
2017-11-20,10:00:00,148.4,148.872,148.31,148.727,0,0
2017-11-20,11:00:00,148.722,148.858,148.671,148.858,0,0
2017-11-20,12:00:00,148.885,148.885,148.517,148.53,0,0
2017-11-20,13:00:00,148.554,148.713,148.46,148.586,0,0
2017-11-20,14:00:00,148.6,148.739,148.448,148.478,0,0
2017-11-20,15:00:00,148.489,148.787,148.473,148.666,0,0
2017-11-20,16:00:00,148.664,148.866,148.608,148.828,0,0
2017-11-20,17:00:00,148.828,149.111,148.724,149.065,0,0
2017-11-20,18:00:00,149.066,149.087,148.909,148.969,0,0
2017-11-20,19:00:00,148.954,149.009,148.865,148.992,0,0
2017-11-20,20:00:00,148.993,149.003,148.888,148.933,0,0
2017-11-20,21:00:00,148.937,149.242,148.937,149.152,0,0
2017-11-20,22:00:00,149.146,149.167,149.026,149.032,0,0
2017-11-20,23:00:00,149.03,149.111,148.963,149.045,0,0
2017-11-20,23:59:00,149.044,149.11,149.015,149.02,0,0
2017-11-21,01:00:00,149.024,149.088,148.989,149.048,0,0
2017-11-21,02:00:00,149.044,149.218,149.033,149.13,0,0
2017-11-21,03:00:00,149.139,149.156,148.995,149.126,0,0
2017-11-21,04:00:00,149.12,149.213,149.035,149.083,0,0
2017-11-21,05:00:00,149.082,149.113,149.032,149.072,0,0
2017-11-21,06:00:00,149.071,149.182,149.053,149.139,0,0
2017-11-21,07:00:00,149.139,149.183,149.099,149.101,0,0
2017-11-21,08:00:00,149.106,149.121,148.96,148.977,0,0
2017-11-21,09:00:00,148.977,149.372,148.97,149.314,0,0
2017-11-21,10:00:00,149.303,149.303,148.95,149.003,0,0
2017-11-21,11:00:00,148.976,149.007,148.75,148.832,0,0
2017-11-21,12:00:00,148.829,148.947,148.651,148.711,0,0
2017-11-21,13:00:00,148.743,149.018,148.743,148.934,0,0
2017-11-21,14:00:00,148.948,149.167,148.876,149.072,0,0
2017-11-21,15:00:00,149.071,149.124,148.888,149.043,0,0
2017-11-21,16:00:00,149.036,149.067,148.623,148.742,0,0
2017-11-21,17:00:00,148.748,148.919,148.719,148.78,0,0
2017-11-21,18:00:00,148.792,148.846,148.672,148.798,0,0
2017-11-21,19:00:00,148.801,148.894,148.731,148.855,0,0
2017-11-21,20:00:00,148.848,148.873,148.66,148.683,0,0
2017-11-21,21:00:00,148.681,148.882,148.667,148.837,0,0
2017-11-21,22:00:00,148.823,148.86,148.794,148.821,0,0
2017-11-21,23:00:00,148.818,148.928,148.803,148.863,0,0
2017-11-21,23:59:00,148.873,148.972,148.857,148.922,0,0
2017-11-22,01:00:00,148.94,148.953,148.79,148.82,0,0
2017-11-22,02:00:00,148.812,148.846,148.719,148.787,0,0
2017-11-22,03:00:00,148.777,148.803,148.657,148.708,0,0
2017-11-22,04:00:00,148.708,148.853,148.707,148.817,0,0
2017-11-22,05:00:00,148.82,148.878,148.78,148.803,0,0
2017-11-22,06:00:00,148.803,148.841,148.688,148.747,0,0
2017-11-22,07:00:00,148.739,148.765,148.657,148.706,0,0
2017-11-22,08:00:00,148.704,148.732,148.614,148.645,0,0
2017-11-22,09:00:00,148.653,148.722,148.445,148.511,0,0
2017-11-22,10:00:00,148.514,148.514,148.261,148.357,0,0
2017-11-22,11:00:00,148.363,148.585,148.32,148.509,0,0
2017-11-22,12:00:00,148.503,148.574,148.378,148.503,0,0
2017-11-22,13:00:00,148.504,148.53,148.323,148.53,0,0
2017-11-22,14:00:00,148.538,148.591,148.107,148.179,0,0
2017-11-22,15:00:00,148.166,148.596,148.09,148.508,0,0
2017-11-22,16:00:00,148.507,148.557,148.3,148.472,0,0
2017-11-22,17:00:00,148.47,148.512,148.11,148.246,0,0
2017-11-22,18:00:00,148.265,148.406,148.193,148.359,0,0
2017-11-22,19:00:00,148.362,148.442,148.256,148.286,0,0
2017-11-22,20:00:00,148.284,148.356,148.209,148.283,0,0
2017-11-22,21:00:00,148.277,148.327,148.016,148.074,0,0
2017-11-22,22:00:00,148.076,148.162,148.056,148.117,0,0
2017-11-22,23:00:00,148.11,148.226,148.091,148.212,0,0
2017-11-22,23:59:00,148.206,148.284,148.117,148.226,0,0
2017-11-23,01:00:00,148.179,148.272,148.156,148.177,0,0
2017-11-23,02:00:00,148.176,148.188,147.965,148.013,0,0
2017-11-23,03:00:00,148.013,148.175,147.993,148.174,0,0
2017-11-23,04:00:00,148.174,148.269,148.143,148.244,0,0
2017-11-23,05:00:00,148.24,148.475,148.24,148.391,0,0
2017-11-23,06:00:00,148.39,148.45,148.323,148.325,0,0
2017-11-23,07:00:00,148.327,148.337,148.248,148.319,0,0
2017-11-23,08:00:00,148.313,148.321,148.108,148.168,0,0
2017-11-23,09:00:00,148.158,148.196,147.983,148.007,0,0
2017-11-23,10:00:00,147.997,148.162,147.879,148.052,0,0
2017-11-23,11:00:00,148.019,148.108,147.816,148.049,0,0
2017-11-23,12:00:00,148.044,148.092,147.911,148.039,0,0
2017-11-23,13:00:00,148.032,148.071,147.908,148.012,0,0
2017-11-23,14:00:00,148.014,148.075,147.907,148.033,0,0
2017-11-23,15:00:00,148.031,148.238,148.014,148.169,0,0
2017-11-23,16:00:00,148.159,148.186,148.029,148.031,0,0
2017-11-23,17:00:00,148.049,148.091,147.911,147.911,0,0
2017-11-23,18:00:00,147.914,147.971,147.843,147.934,0,0
2017-11-23,19:00:00,147.936,147.968,147.862,147.937,0,0
2017-11-23,20:00:00,147.965,148.062,147.913,147.973,0,0
2017-11-23,21:00:00,147.977,148.023,147.945,147.997,0,0
2017-11-23,22:00:00,147.999,148.087,147.989,148.024,0,0
2017-11-23,23:00:00,147.916,148.056,147.916,148.017,0,0
2017-11-23,23:59:00,148.017,148.073,147.957,148.054,0,0
2017-11-24,01:00:00,148.043,148.059,147.967,148.04,0,0
2017-11-24,02:00:00,148.043,148.165,148.026,148.108,0,0
2017-11-24,03:00:00,148.109,148.124,148.023,148.05,0,0
2017-11-24,04:00:00,148.05,148.115,147.97,148.094,0,0
2017-11-24,05:00:00,148.093,148.177,148.041,148.158,0,0
2017-11-24,06:00:00,148.157,148.271,148.105,148.117,0,0
2017-11-24,07:00:00,148.119,148.217,148.109,148.192,0,0
2017-11-24,08:00:00,148.185,148.223,148.102,148.156,0,0
2017-11-24,09:00:00,148.164,148.333,148.148,148.222,0,0
2017-11-24,10:00:00,148.219,148.467,148.197,148.443,0,0
2017-11-24,11:00:00,148.419,148.521,148.38,148.508,0,0
2017-11-24,12:00:00,148.505,148.546,148.333,148.397,0,0
2017-11-24,13:00:00,148.404,148.552,148.326,148.419,0,0
2017-11-24,14:00:00,148.418,148.536,148.388,148.429,0,0
2017-11-24,15:00:00,148.415,148.565,148.284,148.537,0,0
2017-11-24,16:00:00,148.525,148.82,148.506,148.701,0,0
2017-11-24,17:00:00,148.699,148.899,148.669,148.887,0,0
2017-11-24,18:00:00,148.867,148.983,148.716,148.768,0,0
2017-11-24,19:00:00,148.766,148.799,148.524,148.72,0,0
2017-11-24,20:00:00,148.712,148.797,148.686,148.688,0,0
2017-11-24,21:00:00,148.688,148.764,148.591,148.753,0,0
2017-11-24,22:00:00,148.746,148.825,148.682,148.774,0,0
2017-11-24,23:00:00,148.762,148.762,148.711,148.727,0,0
2017-11-27,01:00:00,148.743,148.873,148.732,148.781,0,0
2017-11-27,02:00:00,148.781,148.781,148.662,148.713,0,0
2017-11-27,03:00:00,148.711,148.721,148.369,148.422,0,0
2017-11-27,04:00:00,148.421,148.43,148.285,148.305,0,0
2017-11-27,05:00:00,148.304,148.435,148.294,148.338,0,0
2017-11-27,06:00:00,148.337,148.424,148.245,148.302,0,0
2017-11-27,07:00:00,148.303,148.394,148.295,148.34,0,0
2017-11-27,08:00:00,148.349,148.402,148.294,148.373,0,0
2017-11-27,09:00:00,148.37,148.446,148.301,148.446,0,0
2017-11-27,10:00:00,148.429,148.509,148.176,148.452,0,0
2017-11-27,11:00:00,148.452,148.641,148.452,148.526,0,0
2017-11-27,12:00:00,148.518,148.621,148.468,148.499,0,0
2017-11-27,13:00:00,148.501,148.535,148.392,148.481,0,0
2017-11-27,14:00:00,148.478,148.499,148.194,148.463,0,0
2017-11-27,15:00:00,148.462,148.591,148.342,148.353,0,0
2017-11-27,16:00:00,148.356,148.56,148.27,148.439,0,0
2017-11-27,17:00:00,148.443,148.477,148.027,148.107,0,0
2017-11-27,18:00:00,148.101,148.229,147.887,147.97,0,0
2017-11-27,19:00:00,147.982,148.046,147.892,148.007,0,0
2017-11-27,20:00:00,148.021,148.044,147.915,147.979,0,0
2017-11-27,21:00:00,147.979,147.979,147.854,147.855,0,0
2017-11-27,22:00:00,147.861,148.019,147.844,147.971,0,0
2017-11-27,23:00:00,147.986,148.01,147.905,147.954,0,0
2017-11-27,23:59:00,147.954,148.16,147.888,147.959,0,0
2017-11-28,01:00:00,147.94,148.109,147.925,148.054,0,0
2017-11-28,02:00:00,148.046,148.136,147.844,147.928,0,0
2017-11-28,03:00:00,147.931,148.242,147.913,148.234,0,0
2017-11-28,04:00:00,148.23,148.262,148.181,148.217,0,0
2017-11-28,05:00:00,148.221,148.221,148.131,148.149,0,0
2017-11-28,06:00:00,148.15,148.274,148.148,148.223,0,0
2017-11-28,07:00:00,148.22,148.311,148.175,148.201,0,0
2017-11-28,08:00:00,148.204,148.511,148.146,148.267,0,0
2017-11-28,09:00:00,148.232,148.365,148.073,148.279,0,0
2017-11-28,10:00:00,148.312,148.371,148.014,148.135,0,0
2017-11-28,11:00:00,148.139,148.184,147.944,147.998,0,0
2017-11-28,12:00:00,148.002,148.139,147.898,148.018,0,0
2017-11-28,13:00:00,148.023,148.155,147.967,148.055,0,0
2017-11-28,14:00:00,148.067,148.098,147.733,147.734,0,0
2017-11-28,15:00:00,147.729,147.829,147.624,147.772,0,0
2017-11-28,16:00:00,147.775,147.847,147.674,147.768,0,0
2017-11-28,17:00:00,147.755,147.851,147.215,147.288,0,0
2017-11-28,18:00:00,147.289,147.385,146.987,147.043,0,0
2017-11-28,19:00:00,147.047,148.357,146.982,148.293,0,0
2017-11-28,20:00:00,148.3,148.96,147.713,148.428,0,0
2017-11-28,21:00:00,148.428,149.241,148.401,149.241,0,0
2017-11-28,22:00:00,149.258,149.286,148.798,148.81,0,0
2017-11-28,23:00:00,148.811,148.869,148.642,148.717,0,0
2017-11-28,23:59:00,148.714,148.99,148.664,148.973,0,0
2017-11-29,01:00:00,148.964,149.223,148.851,149.189,0,0
2017-11-29,02:00:00,149.186,149.347,149.092,149.118,0,0
2017-11-29,03:00:00,149.114,149.187,149.04,149.128,0,0
2017-11-29,04:00:00,149.145,149.173,148.962,148.962,0,0
2017-11-29,05:00:00,148.964,149.057,148.891,148.931,0,0
2017-11-29,06:00:00,148.931,149.026,148.903,149.011,0,0
2017-11-29,07:00:00,149.016,149.116,149.002,149.097,0,0
2017-11-29,08:00:00,149.102,149.276,149.087,149.248,0,0
2017-11-29,09:00:00,149.245,149.554,149.15,149.522,0,0
2017-11-29,10:00:00,149.512,149.709,149.422,149.466,0,0
2017-11-29,11:00:00,149.491,149.553,149.282,149.35,0,0
2017-11-29,12:00:00,149.344,149.55,149.298,149.528,0,0
2017-11-29,13:00:00,149.52,149.63,149.451,149.595,0,0
2017-11-29,14:00:00,149.595,149.679,149.428,149.428,0,0
2017-11-29,15:00:00,149.402,150.086,149.382,150.007,0,0
2017-11-29,16:00:00,149.988,150.294,149.956,150.276,0,0
2017-11-29,17:00:00,150.281,150.347,149.658,150.101,0,0
2017-11-29,18:00:00,150.107,150.435,150.042,150.138,0,0
2017-11-29,19:00:00,150.143,150.343,149.988,150.291,0,0
2017-11-29,20:00:00,150.293,150.383,150.059,150.197,0,0
2017-11-29,21:00:00,150.208,150.249,150.095,150.095,0,0
2017-11-29,22:00:00,150.102,150.116,150.005,150.029,0,0
2017-11-29,23:00:00,150.028,150.206,150.009,150.086,0,0
2017-11-29,23:59:00,150.076,150.251,150.019,150.226,0,0
2017-11-30,01:00:00,150.224,150.34,150.187,150.279,0,0
2017-11-30,02:00:00,150.271,150.383,150.182,150.203,0,0
2017-11-30,03:00:00,150.222,150.828,150.222,150.816,0,0
2017-11-30,04:00:00,150.83,150.952,150.68,150.86,0,0
2017-11-30,05:00:00,150.87,150.893,150.82,150.87,0,0
2017-11-30,06:00:00,150.87,150.874,150.794,150.855,0,0
2017-11-30,07:00:00,150.869,151.082,150.84,151.016,0,0
2017-11-30,08:00:00,151.012,151.147,150.986,151.001,0,0
2017-11-30,09:00:00,151.007,151.232,150.942,151.099,0,0
2017-11-30,10:00:00,151.106,151.42,151.066,151.28,0,0
2017-11-30,11:00:00,151.272,151.523,151.191,151.212,0,0
2017-11-30,12:00:00,151.203,151.318,151.088,151.188,0,0
2017-11-30,13:00:00,151.186,151.317,150.874,151,0,0
2017-11-30,14:00:00,150.98,151.286,150.937,151.223,0,0
2017-11-30,15:00:00,151.225,151.365,151.152,151.178,0,0
2017-11-30,16:00:00,151.161,151.183,150.945,151.04,0,0
2017-11-30,17:00:00,151.04,151.609,151.033,151.4,0,0
2017-11-30,18:00:00,151.4,151.721,151.37,151.656,0,0
2017-11-30,19:00:00,151.656,152.067,151.553,151.976,0,0
2017-11-30,20:00:00,151.993,152.315,151.991,152.251,0,0
2017-11-30,21:00:00,152.26,152.288,152.135,152.192,0,0
2017-11-30,22:00:00,152.19,152.323,152.102,152.212,0,0
2017-11-30,23:00:00,152.209,152.403,152.138,152.214,0,0
2017-11-30,23:59:00,152.198,152.348,152.198,152.266,0,0
2017-12-01,01:00:00,152.259,152.422,152.259,152.324,0,0
2017-12-01,02:00:00,152.328,152.404,152.178,152.227,0,0
2017-12-01,03:00:00,152.239,152.317,152.055,152.102,0,0
2017-12-01,04:00:00,152.103,152.304,152.078,152.252,0,0
2017-12-01,05:00:00,152.246,152.323,152.244,152.265,0,0
2017-12-01,06:00:00,152.268,152.356,152.227,152.333,0,0
2017-12-01,07:00:00,152.333,152.409,152.259,152.312,0,0
2017-12-01,08:00:00,152.316,152.384,152.214,152.291,0,0
2017-12-01,09:00:00,152.29,152.421,152.125,152.32,0,0
2017-12-01,10:00:00,152.322,152.489,151.829,151.899,0,0
2017-12-01,11:00:00,151.911,151.954,151.439,151.649,0,0
2017-12-01,12:00:00,151.648,151.754,151.436,151.559,0,0
2017-12-01,13:00:00,151.552,151.796,151.485,151.709,0,0
2017-12-01,14:00:00,151.711,151.873,151.611,151.697,0,0
2017-12-01,15:00:00,151.692,151.981,151.581,151.963,0,0
2017-12-01,16:00:00,151.96,151.996,151.636,151.725,0,0
2017-12-01,17:00:00,151.742,152.16,151.56,152.127,0,0
2017-12-01,18:00:00,152.145,152.208,150.605,151.034,0,0
2017-12-01,19:00:00,151.048,151.412,151.015,151.324,0,0
2017-12-01,20:00:00,151.321,151.523,151.161,151.344,0,0
2017-12-01,21:00:00,151.355,151.355,150.877,150.886,0,0
2017-12-01,22:00:00,150.887,151.075,150.857,151.026,0,0
2017-12-01,23:00:00,151.022,151.026,151.007,151.018,0,0
2017-12-04,01:00:00,151.945,152.415,151.898,152.299,0,0
2017-12-04,02:00:00,152.297,152.297,152.004,152.004,0,0
2017-12-04,03:00:00,152,152.026,151.78,151.898,0,0
2017-12-04,04:00:00,151.877,151.971,151.813,151.92,0,0
2017-12-04,05:00:00,151.897,151.912,151.834,151.903,0,0
2017-12-04,06:00:00,151.901,151.904,151.821,151.883,0,0
2017-12-04,07:00:00,151.885,151.947,151.857,151.86,0,0
2017-12-04,08:00:00,151.864,151.963,151.772,151.896,0,0
2017-12-04,09:00:00,151.895,151.943,151.523,151.85,0,0
2017-12-04,10:00:00,151.853,151.961,151.684,151.684,0,0
2017-12-04,11:00:00,151.67,151.843,151.546,151.647,0,0
2017-12-04,12:00:00,151.643,151.731,151.528,151.654,0,0
2017-12-04,13:00:00,151.662,152.724,151.647,152.476,0,0
2017-12-04,14:00:00,152.488,152.952,152.37,152.601,0,0
2017-12-04,15:00:00,152.599,152.776,152.418,152.599,0,0
2017-12-04,16:00:00,152.638,152.76,152.522,152.637,0,0
2017-12-04,17:00:00,152.639,152.741,151.297,151.921,0,0
2017-12-04,18:00:00,151.929,151.978,151.546,151.882,0,0
2017-12-04,19:00:00,151.875,151.927,151.657,151.859,0,0
2017-12-04,20:00:00,151.859,151.913,151.766,151.913,0,0
2017-12-04,21:00:00,151.917,151.967,151.647,151.701,0,0
2017-12-04,22:00:00,151.701,151.701,151.495,151.497,0,0
2017-12-04,23:00:00,151.498,151.555,151.352,151.52,0,0
2017-12-04,23:59:00,151.528,151.617,151.492,151.608,0,0
2017-12-05,01:00:00,151.583,151.626,151.533,151.577,0,0
2017-12-05,02:00:00,151.568,151.65,151.497,151.505,0,0
2017-12-05,03:00:00,151.507,151.553,151.411,151.497,0,0
2017-12-05,04:00:00,151.497,151.56,151.431,151.558,0,0
2017-12-05,05:00:00,151.555,151.578,151.487,151.544,0,0
2017-12-05,06:00:00,151.562,151.664,151.516,151.664,0,0
2017-12-05,07:00:00,151.651,151.722,151.616,151.666,0,0
2017-12-05,08:00:00,151.659,151.714,151.347,151.404,0,0
2017-12-05,09:00:00,151.405,151.481,150.973,151.038,0,0
2017-12-05,10:00:00,151.032,151.16,150.554,150.702,0,0
2017-12-05,11:00:00,150.691,151.095,150.578,151.055,0,0
2017-12-05,12:00:00,151.05,151.157,150.81,150.952,0,0
2017-12-05,13:00:00,150.955,151.011,150.686,150.883,0,0
2017-12-05,14:00:00,150.883,151.242,150.808,151.101,0,0
2017-12-05,15:00:00,151.121,151.34,151.076,151.136,0,0
2017-12-05,16:00:00,151.139,151.472,151.095,151.425,0,0
2017-12-05,17:00:00,151.385,151.78,151.225,151.751,0,0
2017-12-05,18:00:00,151.751,151.816,151.633,151.657,0,0
2017-12-05,19:00:00,151.648,151.687,151.416,151.453,0,0
2017-12-05,20:00:00,151.448,151.58,151.415,151.454,0,0
2017-12-05,21:00:00,151.455,151.455,151.264,151.36,0,0
2017-12-05,22:00:00,151.363,151.425,151.315,151.318,0,0
2017-12-05,23:00:00,151.311,151.447,151.291,151.362,0,0
2017-12-05,23:59:00,151.374,151.426,151.08,151.093,0,0
2017-12-06,01:00:00,151.098,151.1,150.821,150.872,0,0
2017-12-06,02:00:00,150.867,150.949,150.794,150.881,0,0
2017-12-06,03:00:00,150.89,151.093,150.865,151.075,0,0
2017-12-06,04:00:00,151.071,151.071,150.645,150.699,0,0
2017-12-06,05:00:00,150.706,150.808,150.687,150.779,0,0
2017-12-06,06:00:00,150.772,150.798,150.56,150.629,0,0
2017-12-06,07:00:00,150.628,150.652,150.476,150.518,0,0
2017-12-06,08:00:00,150.515,150.685,150.464,150.516,0,0
2017-12-06,09:00:00,150.517,150.588,150.053,150.314,0,0
2017-12-06,10:00:00,150.297,150.457,150.214,150.312,0,0
2017-12-06,11:00:00,150.322,150.35,150.06,150.1,0,0
2017-12-06,12:00:00,150.11,150.172,149.769,150.072,0,0
2017-12-06,13:00:00,150.068,150.195,149.861,149.909,0,0
2017-12-06,14:00:00,149.88,150.118,149.851,149.965,0,0
2017-12-06,15:00:00,149.967,150.198,149.922,150.167,0,0
2017-12-06,16:00:00,150.173,150.379,150.02,150.166,0,0
2017-12-06,17:00:00,150.16,150.323,150.065,150.238,0,0
2017-12-06,18:00:00,150.223,150.406,150.172,150.302,0,0
2017-12-06,19:00:00,150.286,150.295,150.056,150.136,0,0
2017-12-06,20:00:00,150.142,150.147,150.036,150.104,0,0
2017-12-06,21:00:00,150.105,150.203,150.091,150.195,0,0
2017-12-06,22:00:00,150.193,150.249,150.132,150.199,0,0
2017-12-06,23:00:00,150.185,150.419,150.174,150.396,0,0
2017-12-06,23:59:00,150.388,150.431,150.154,150.167,0,0
2017-12-07,01:00:00,150.185,150.401,150.171,150.399,0,0
2017-12-07,02:00:00,150.402,150.544,150.389,150.528,0,0
2017-12-07,03:00:00,150.517,150.529,150.389,150.476,0,0
2017-12-07,04:00:00,150.486,150.513,150.442,150.48,0,0
2017-12-07,05:00:00,150.485,150.519,150.361,150.398,0,0
2017-12-07,06:00:00,150.398,150.466,150.392,150.411,0,0
2017-12-07,07:00:00,150.415,150.468,150.326,150.435,0,0
2017-12-07,08:00:00,150.416,150.588,150.385,150.536,0,0
2017-12-07,09:00:00,150.536,150.69,150.475,150.54,0,0
2017-12-07,10:00:00,150.531,150.786,150.495,150.722,0,0
2017-12-07,11:00:00,150.707,150.815,150.677,150.737,0,0
2017-12-07,12:00:00,150.737,151.179,150.725,150.93,0,0
2017-12-07,13:00:00,150.921,151.116,150.274,150.305,0,0
2017-12-07,14:00:00,150.317,150.989,150.175,150.756,0,0
2017-12-07,15:00:00,150.766,150.944,150.701,150.701,0,0
2017-12-07,16:00:00,150.696,151.265,150.662,151.232,0,0
2017-12-07,17:00:00,151.216,151.264,151.007,151.264,0,0
2017-12-07,18:00:00,151.26,151.394,151.037,151.379,0,0
2017-12-07,19:00:00,151.379,151.438,151.234,151.438,0,0
2017-12-07,20:00:00,151.417,152.261,151.337,152.079,0,0
2017-12-07,21:00:00,152.017,152.377,152.011,152.36,0,0
2017-12-07,22:00:00,152.374,152.467,152.209,152.41,0,0
2017-12-07,23:00:00,152.399,152.444,152.226,152.378,0,0
2017-12-07,23:59:00,152.376,152.432,152.36,152.413,0,0
2017-12-08,01:00:00,152.409,152.652,152.409,152.633,0,0
2017-12-08,02:00:00,152.632,152.632,152.36,152.468,0,0
2017-12-08,03:00:00,152.468,152.702,152.411,152.693,0,0
2017-12-08,04:00:00,152.69,152.757,152.69,152.737,0,0
2017-12-08,05:00:00,152.738,152.801,152.661,152.676,0,0
2017-12-08,06:00:00,152.676,152.999,152.659,152.941,0,0
2017-12-08,07:00:00,152.941,153.267,152.89,153.225,0,0
2017-12-08,08:00:00,153.203,153.327,152.646,152.675,0,0
2017-12-08,09:00:00,152.67,153.093,152.666,153.093,0,0
2017-12-08,10:00:00,153.093,153.414,153.093,153.197,0,0
2017-12-08,11:00:00,153.194,153.205,152.872,153.025,0,0
2017-12-08,12:00:00,153.025,153.089,152.842,152.88,0,0
2017-12-08,13:00:00,152.88,153.005,152.709,152.723,0,0
2017-12-08,14:00:00,152.734,152.756,152.221,152.389,0,0
2017-12-08,15:00:00,152.407,152.412,151.965,152.091,0,0
2017-12-08,16:00:00,152.108,152.172,151.757,152.038,0,0
2017-12-08,17:00:00,152.049,152.228,151.748,151.852,0,0
2017-12-08,18:00:00,151.824,151.966,151.641,151.784,0,0
2017-12-08,19:00:00,151.786,152.175,151.782,152.084,0,0
2017-12-08,20:00:00,152.083,152.121,152.012,152.09,0,0
2017-12-08,21:00:00,152.091,152.178,152.067,152.072,0,0
2017-12-08,22:00:00,152.084,152.091,151.928,151.96,0,0
2017-12-08,23:00:00,151.964,151.974,151.958,151.974,0,0
2017-12-11,01:00:00,152.082,152.208,152.033,152.076,0,0
2017-12-11,02:00:00,152.077,152.26,151.993,152.22,0,0
2017-12-11,03:00:00,152.22,152.328,152.127,152.194,0,0
2017-12-11,04:00:00,152.21,152.26,152.192,152.221,0,0
2017-12-11,05:00:00,152.221,152.254,152.133,152.173,0,0
2017-12-11,06:00:00,152.179,152.287,152.156,152.206,0,0
2017-12-11,07:00:00,152.203,152.205,152.033,152.137,0,0
2017-12-11,08:00:00,152.142,152.334,152.098,152.244,0,0
2017-12-11,09:00:00,152.242,152.325,151.723,151.882,0,0
2017-12-11,10:00:00,151.869,151.93,151.493,151.678,0,0
2017-12-11,11:00:00,151.677,151.722,151.538,151.591,0,0
2017-12-11,12:00:00,151.592,151.78,151.391,151.767,0,0
2017-12-11,13:00:00,151.771,151.986,151.589,151.596,0,0
2017-12-11,14:00:00,151.579,151.62,151.366,151.426,0,0
2017-12-11,15:00:00,151.43,151.66,151.386,151.473,0,0
2017-12-11,16:00:00,151.487,151.654,151.398,151.46,0,0
2017-12-11,17:00:00,151.491,151.521,151.315,151.454,0,0
2017-12-11,18:00:00,151.477,151.503,151.389,151.467,0,0
2017-12-11,19:00:00,151.467,151.507,151.352,151.459,0,0
2017-12-11,20:00:00,151.454,151.474,151.251,151.466,0,0
2017-12-11,21:00:00,151.466,151.488,151.41,151.43,0,0
2017-12-11,22:00:00,151.435,151.447,151.364,151.433,0,0
2017-12-11,23:00:00,151.434,151.542,151.396,151.498,0,0
2017-12-11,23:59:00,151.495,151.502,151.411,151.469,0,0
2017-12-12,01:00:00,151.48,151.572,151.48,151.558,0,0
2017-12-12,02:00:00,151.56,151.576,151.408,151.483,0,0
2017-12-12,03:00:00,151.481,151.541,151.309,151.322,0,0
2017-12-12,04:00:00,151.326,151.404,151.278,151.368,0,0
2017-12-12,05:00:00,151.368,151.446,151.355,151.402,0,0
2017-12-12,06:00:00,151.405,151.486,151.372,151.389,0,0
2017-12-12,07:00:00,151.393,151.435,151.347,151.411,0,0
2017-12-12,08:00:00,151.416,151.507,151.276,151.276,0,0
2017-12-12,09:00:00,151.278,151.431,151.278,151.376,0,0
2017-12-12,10:00:00,151.384,151.65,151.359,151.447,0,0
2017-12-12,11:00:00,151.45,151.755,151.303,151.413,0,0
2017-12-12,12:00:00,151.407,151.413,151.034,151.339,0,0
2017-12-12,13:00:00,151.333,151.43,151.281,151.399,0,0
2017-12-12,14:00:00,151.409,151.706,151.392,151.653,0,0
2017-12-12,15:00:00,151.659,151.746,151.455,151.493,0,0
2017-12-12,16:00:00,151.492,151.549,151.317,151.513,0,0
2017-12-12,17:00:00,151.528,151.651,151.43,151.456,0,0
2017-12-12,18:00:00,151.454,151.508,151.36,151.369,0,0
2017-12-12,19:00:00,151.369,151.428,151.107,151.29,0,0
2017-12-12,20:00:00,151.291,151.314,151.073,151.085,0,0
2017-12-12,21:00:00,151.083,151.236,151.063,151.233,0,0
2017-12-12,22:00:00,151.234,151.238,151.156,151.184,0,0
2017-12-12,23:00:00,151.19,151.25,151.14,151.22,0,0
2017-12-12,23:59:00,151.221,151.286,151.159,151.195,0,0
2017-12-13,01:00:00,151.204,151.263,151.204,151.224,0,0
2017-12-13,02:00:00,151.225,151.227,151.125,151.175,0,0
2017-12-13,03:00:00,151.174,151.197,151.067,151.093,0,0
2017-12-13,04:00:00,151.094,151.169,151.088,151.169,0,0
2017-12-13,05:00:00,151.168,151.181,150.833,150.992,0,0
2017-12-13,06:00:00,150.963,151.021,150.91,151.001,0,0
2017-12-13,07:00:00,151.003,151.099,150.974,151.065,0,0
2017-12-13,08:00:00,151.064,151.181,151.06,151.134,0,0
2017-12-13,09:00:00,151.165,151.232,151.131,151.188,0,0
2017-12-13,10:00:00,151.187,151.311,150.915,151.198,0,0
2017-12-13,11:00:00,151.198,151.517,151.153,151.371,0,0
2017-12-13,12:00:00,151.375,151.471,151.284,151.303,0,0
2017-12-13,13:00:00,151.264,151.506,151.244,151.32,0,0
2017-12-13,14:00:00,151.323,151.428,151.22,151.315,0,0
2017-12-13,15:00:00,151.313,151.326,150.842,150.908,0,0
2017-12-13,16:00:00,150.928,151.311,150.902,151.289,0,0
2017-12-13,17:00:00,151.28,151.391,151.027,151.046,0,0
2017-12-13,18:00:00,151.055,151.317,151.026,151.288,0,0
2017-12-13,19:00:00,151.278,151.278,151.011,151.057,0,0
2017-12-13,20:00:00,151.058,151.098,150.914,150.946,0,0
2017-12-13,21:00:00,150.941,151.14,150.475,150.918,0,0
2017-12-13,22:00:00,150.9,151.05,150.795,150.934,0,0
2017-12-13,23:00:00,150.94,151.028,150.925,151.023,0,0
2017-12-13,23:59:00,151.023,151.168,150.606,151.143,0,0
2017-12-14,01:00:00,151.139,151.285,151.079,151.209,0,0
2017-12-14,02:00:00,151.218,151.358,151.124,151.354,0,0
2017-12-14,03:00:00,151.351,151.351,151.116,151.119,0,0
2017-12-14,04:00:00,151.125,151.402,151.125,151.402,0,0
2017-12-14,05:00:00,151.398,151.502,151.242,151.263,0,0
2017-12-14,06:00:00,151.265,151.379,151.224,151.329,0,0
2017-12-14,07:00:00,151.334,151.395,151.192,151.197,0,0
2017-12-14,08:00:00,151.191,151.371,151.169,151.346,0,0
2017-12-14,09:00:00,151.348,151.461,151.234,151.443,0,0
2017-12-14,10:00:00,151.453,151.575,151.392,151.557,0,0
2017-12-14,11:00:00,151.562,151.829,151.505,151.727,0,0
2017-12-14,12:00:00,151.746,151.746,151.206,151.505,0,0
2017-12-14,13:00:00,151.526,151.61,151.475,151.532,0,0
2017-12-14,14:00:00,151.51,151.51,151.122,151.353,0,0
2017-12-14,15:00:00,151.364,151.476,151.221,151.221,0,0
2017-12-14,16:00:00,151.205,151.244,151.015,151.106,0,0
2017-12-14,17:00:00,151.103,151.24,151,151.176,0,0
2017-12-14,18:00:00,151.173,151.293,151.038,151.263,0,0
2017-12-14,19:00:00,151.256,151.277,150.897,150.916,0,0
2017-12-14,20:00:00,150.917,150.989,150.644,150.813,0,0
2017-12-14,21:00:00,150.809,150.854,150.646,150.819,0,0
2017-12-14,22:00:00,150.82,150.843,150.719,150.744,0,0
2017-12-14,23:00:00,150.741,151.013,150.739,150.968,0,0
2017-12-14,23:59:00,150.948,150.963,150.821,150.861,0,0
2017-12-15,01:00:00,150.861,150.981,150.754,150.975,0,0
2017-12-15,02:00:00,150.974,150.99,150.846,150.941,0,0
2017-12-15,03:00:00,150.94,150.952,150.795,150.855,0,0
2017-12-15,04:00:00,150.848,151.021,150.69,150.856,0,0
2017-12-15,05:00:00,150.861,150.88,150.788,150.856,0,0
2017-12-15,06:00:00,150.856,150.996,150.805,150.988,0,0
2017-12-15,07:00:00,150.963,151.019,150.87,150.876,0,0
2017-12-15,08:00:00,150.878,150.886,150.724,150.849,0,0
2017-12-15,09:00:00,150.84,150.883,150.664,150.695,0,0
2017-12-15,10:00:00,150.691,150.718,150.442,150.694,0,0
2017-12-15,11:00:00,150.687,150.83,150.49,150.629,0,0
2017-12-15,12:00:00,150.626,150.629,150.424,150.425,0,0
2017-12-15,13:00:00,150.439,150.504,150.295,150.309,0,0
2017-12-15,14:00:00,150.309,150.323,149.908,149.992,0,0
2017-12-15,15:00:00,149.988,150.142,149.419,149.589,0,0
2017-12-15,16:00:00,149.568,149.887,149.552,149.878,0,0
2017-12-15,17:00:00,149.877,150.191,149.869,150.009,0,0
2017-12-15,18:00:00,150.02,150.183,149.918,150.011,0,0
2017-12-15,19:00:00,149.997,150.117,149.915,150.103,0,0
2017-12-15,20:00:00,150.105,150.119,149.931,150.116,0,0
2017-12-15,21:00:00,150.115,150.138,150.005,150.033,0,0
2017-12-15,22:00:00,150.027,150.081,149.961,150.073,0,0
2017-12-15,23:00:00,150.052,150.083,150.029,150.065,0,0
2017-12-18,01:00:00,150.017,150.136,149.983,150.111,0,0
2017-12-18,02:00:00,150.119,150.328,150.057,150.249,0,0
2017-12-18,03:00:00,150.243,150.251,150.139,150.173,0,0
2017-12-18,04:00:00,150.186,150.255,150.115,150.203,0,0
2017-12-18,05:00:00,150.204,150.301,150.165,150.265,0,0
2017-12-18,06:00:00,150.265,150.291,150.194,150.215,0,0
2017-12-18,07:00:00,150.237,150.314,150.184,150.306,0,0
2017-12-18,08:00:00,150.306,150.37,150.269,150.364,0,0
2017-12-18,09:00:00,150.374,150.466,150.337,150.418,0,0
2017-12-18,10:00:00,150.419,150.56,150.351,150.427,0,0
2017-12-18,11:00:00,150.44,150.513,150.337,150.353,0,0
2017-12-18,12:00:00,150.381,150.433,150.203,150.355,0,0
2017-12-18,13:00:00,150.337,150.467,150.326,150.408,0,0
2017-12-18,14:00:00,150.398,150.505,150.318,150.457,0,0
2017-12-18,15:00:00,150.455,150.821,150.388,150.755,0,0
2017-12-18,16:00:00,150.757,151.015,150.757,150.829,0,0
2017-12-18,17:00:00,150.831,150.837,150.544,150.554,0,0
2017-12-18,18:00:00,150.537,150.633,150.474,150.593,0,0
2017-12-18,19:00:00,150.586,150.782,150.581,150.646,0,0
2017-12-18,20:00:00,150.633,150.67,150.581,150.67,0,0
2017-12-18,21:00:00,150.674,150.725,150.626,150.651,0,0
2017-12-18,22:00:00,150.653,150.675,150.601,150.663,0,0
2017-12-18,23:00:00,150.658,150.67,150.575,150.611,0,0
2017-12-18,23:59:00,150.621,150.687,150.575,150.602,0,0
2017-12-19,01:00:00,150.615,150.664,150.595,150.619,0,0
2017-12-19,02:00:00,150.611,150.714,150.55,150.553,0,0
2017-12-19,03:00:00,150.558,150.602,150.444,150.573,0,0
2017-12-19,04:00:00,150.578,150.613,150.536,150.599,0,0
2017-12-19,05:00:00,150.598,150.701,150.577,150.692,0,0
2017-12-19,06:00:00,150.691,150.762,150.652,150.762,0,0
2017-12-19,07:00:00,150.762,150.762,150.64,150.668,0,0
2017-12-19,08:00:00,150.672,150.684,150.54,150.643,0,0
2017-12-19,09:00:00,150.64,150.799,150.597,150.744,0,0
2017-12-19,10:00:00,150.758,150.828,150.613,150.632,0,0
2017-12-19,11:00:00,150.613,150.683,150.54,150.581,0,0
2017-12-19,12:00:00,150.583,150.667,150.395,150.562,0,0
2017-12-19,13:00:00,150.537,150.77,150.509,150.539,0,0
2017-12-19,14:00:00,150.517,150.613,150.44,150.575,0,0
2017-12-19,15:00:00,150.59,150.662,150.464,150.527,0,0
2017-12-19,16:00:00,150.541,150.752,150.525,150.738,0,0
2017-12-19,17:00:00,150.73,150.977,150.668,150.834,0,0
2017-12-19,18:00:00,150.839,150.894,150.599,150.885,0,0
2017-12-19,19:00:00,150.875,151.165,150.814,151.148,0,0
2017-12-19,20:00:00,151.147,151.279,151.065,151.155,0,0
2017-12-19,21:00:00,151.153,151.26,151.125,151.128,0,0
2017-12-19,22:00:00,151.122,151.182,151.032,151.076,0,0
2017-12-19,23:00:00,151.09,151.143,151.051,151.106,0,0
2017-12-19,23:59:00,151.105,151.119,151.073,151.092,0,0
2017-12-20,01:00:00,151.082,151.262,151.079,151.259,0,0
2017-12-20,02:00:00,151.262,151.32,151.215,151.259,0,0
2017-12-20,03:00:00,151.27,151.332,151.231,151.271,0,0
2017-12-20,04:00:00,151.273,151.311,151.229,151.26,0,0
2017-12-20,05:00:00,151.253,151.312,151.246,151.312,0,0
2017-12-20,06:00:00,151.312,151.325,151.262,151.317,0,0
2017-12-20,07:00:00,151.305,151.392,151.265,151.265,0,0
2017-12-20,08:00:00,151.259,151.329,151.2,151.208,0,0
2017-12-20,09:00:00,151.217,151.483,151.191,151.457,0,0
2017-12-20,10:00:00,151.436,151.532,151.339,151.505,0,0
2017-12-20,11:00:00,151.516,151.653,151.477,151.535,0,0
2017-12-20,12:00:00,151.537,151.791,151.516,151.594,0,0
2017-12-20,13:00:00,151.596,151.699,151.484,151.551,0,0
2017-12-20,14:00:00,151.557,151.766,151.462,151.753,0,0
2017-12-20,15:00:00,151.753,152.009,151.735,151.886,0,0
2017-12-20,16:00:00,151.878,151.951,151.643,151.671,0,0
2017-12-20,17:00:00,151.693,152.016,151.645,151.869,0,0
2017-12-20,18:00:00,151.881,151.993,151.772,151.899,0,0
2017-12-20,19:00:00,151.898,151.924,151.613,151.814,0,0
2017-12-20,20:00:00,151.806,151.878,151.749,151.846,0,0
2017-12-20,21:00:00,151.846,151.938,151.835,151.869,0,0
2017-12-20,22:00:00,151.869,151.957,151.754,151.81,0,0
2017-12-20,23:00:00,151.808,151.808,151.646,151.673,0,0
2017-12-20,23:59:00,151.683,151.687,151.536,151.58,0,0
2017-12-21,01:00:00,151.579,151.6,151.419,151.419,0,0
2017-12-21,02:00:00,151.418,151.487,151.361,151.415,0,0
2017-12-21,03:00:00,151.416,151.489,151.36,151.441,0,0
2017-12-21,04:00:00,151.441,151.643,151.425,151.619,0,0
2017-12-21,05:00:00,151.621,151.636,151.487,151.556,0,0
2017-12-21,06:00:00,151.561,151.561,151.48,151.505,0,0
2017-12-21,07:00:00,151.515,151.555,151.485,151.541,0,0
2017-12-21,08:00:00,151.541,151.642,151.534,151.599,0,0
2017-12-21,09:00:00,151.599,151.768,151.576,151.728,0,0
2017-12-21,10:00:00,151.727,151.869,151.635,151.684,0,0
2017-12-21,11:00:00,151.687,151.924,151.687,151.836,0,0
2017-12-21,12:00:00,151.824,151.926,151.747,151.774,0,0
2017-12-21,13:00:00,151.755,151.859,151.717,151.779,0,0
2017-12-21,14:00:00,151.784,151.819,151.505,151.609,0,0
2017-12-21,15:00:00,151.617,151.688,151.378,151.405,0,0
2017-12-21,16:00:00,151.415,151.495,151.297,151.38,0,0
2017-12-21,17:00:00,151.38,151.616,151.369,151.531,0,0
2017-12-21,18:00:00,151.528,151.699,151.485,151.675,0,0
2017-12-21,19:00:00,151.664,151.772,151.6,151.721,0,0
2017-12-21,20:00:00,151.713,151.776,151.683,151.739,0,0
2017-12-21,21:00:00,151.74,151.748,151.653,151.681,0,0
2017-12-21,22:00:00,151.677,151.68,151.609,151.673,0,0
2017-12-21,23:00:00,151.656,151.701,151.585,151.699,0,0
2017-12-21,23:59:00,151.701,151.776,151.676,151.716,0,0
2017-12-22,01:00:00,151.718,151.744,151.597,151.607,0,0
2017-12-22,02:00:00,151.606,151.705,151.534,151.652,0,0
2017-12-22,03:00:00,151.651,151.656,151.507,151.549,0,0
2017-12-22,04:00:00,151.548,151.667,151.514,151.649,0,0
2017-12-22,05:00:00,151.66,151.666,151.566,151.652,0,0
2017-12-22,06:00:00,151.652,151.655,151.565,151.575,0,0
2017-12-22,07:00:00,151.58,151.663,151.58,151.641,0,0
2017-12-22,08:00:00,151.641,151.711,151.624,151.693,0,0
2017-12-22,09:00:00,151.693,151.794,151.651,151.757,0,0
2017-12-22,10:00:00,151.751,151.779,151.523,151.648,0,0
2017-12-22,11:00:00,151.635,151.858,151.472,151.778,0,0
2017-12-22,12:00:00,151.78,151.878,151.626,151.768,0,0
2017-12-22,13:00:00,151.766,151.795,151.502,151.75,0,0
2017-12-22,14:00:00,151.75,151.796,151.579,151.711,0,0
2017-12-22,15:00:00,151.721,151.876,151.683,151.743,0,0
2017-12-22,16:00:00,151.755,151.802,151.547,151.597,0,0
2017-12-22,17:00:00,151.612,151.657,151.512,151.548,0,0
2017-12-22,18:00:00,151.561,151.623,151.46,151.585,0,0
2017-12-22,19:00:00,151.584,151.617,151.514,151.594,0,0
2017-12-22,20:00:00,151.575,151.582,151.489,151.523,0,0
2017-12-22,21:00:00,151.532,151.591,151.485,151.512,0,0
2017-12-22,22:00:00,151.516,151.547,151.385,151.385,0,0
2017-12-22,23:00:00,151.385,151.423,151.385,151.398,0,0
2017-12-26,01:00:00,151.53,151.569,151.498,151.544,0,0
2017-12-26,02:00:00,151.543,151.588,151.478,151.583,0,0
2017-12-26,03:00:00,151.581,151.591,151.52,151.561,0,0
2017-12-26,04:00:00,151.561,151.574,151.471,151.527,0,0
2017-12-26,05:00:00,151.527,151.54,151.477,151.505,0,0
2017-12-26,06:00:00,151.504,151.517,151.485,151.496,0,0
2017-12-26,07:00:00,151.496,151.527,151.486,151.49,0,0
2017-12-26,08:00:00,151.484,151.564,151.484,151.564,0,0
2017-12-26,09:00:00,151.561,151.564,151.508,151.525,0,0
2017-12-26,10:00:00,151.524,151.548,151.475,151.506,0,0
2017-12-26,11:00:00,151.506,151.511,151.386,151.409,0,0
2017-12-26,12:00:00,151.408,151.443,151.381,151.412,0,0
2017-12-26,13:00:00,151.413,151.413,151.331,151.331,0,0
2017-12-26,14:00:00,151.332,151.391,151.324,151.37,0,0
2017-12-26,15:00:00,151.373,151.377,151.197,151.227,0,0
2017-12-26,16:00:00,151.228,151.398,151.218,151.244,0,0
2017-12-26,17:00:00,151.26,151.385,151.229,151.349,0,0
2017-12-26,18:00:00,151.335,151.416,151.3,151.327,0,0
2017-12-26,19:00:00,151.323,151.475,151.307,151.459,0,0
2017-12-26,20:00:00,151.458,151.512,151.394,151.459,0,0
2017-12-26,21:00:00,151.457,151.46,151.366,151.385,0,0
2017-12-26,22:00:00,151.392,151.434,151.337,151.399,0,0
2017-12-26,23:00:00,151.404,151.475,151.37,151.442,0,0
2017-12-26,23:59:00,151.442,151.442,151.358,151.391,0,0
2017-12-27,01:00:00,151.391,151.431,151.357,151.414,0,0
2017-12-27,02:00:00,151.414,151.598,151.379,151.524,0,0
2017-12-27,03:00:00,151.521,151.577,151.478,151.542,0,0
2017-12-27,04:00:00,151.545,151.571,151.42,151.497,0,0
2017-12-27,05:00:00,151.496,151.525,151.432,151.502,0,0
2017-12-27,06:00:00,151.504,151.529,151.441,151.461,0,0
2017-12-27,07:00:00,151.457,151.462,151.395,151.434,0,0
2017-12-27,08:00:00,151.438,151.535,151.418,151.487,0,0
2017-12-27,09:00:00,151.487,151.544,151.422,151.531,0,0
2017-12-27,10:00:00,151.528,151.593,151.491,151.584,0,0
2017-12-27,11:00:00,151.582,151.793,151.535,151.747,0,0
2017-12-27,12:00:00,151.748,152.017,151.715,151.871,0,0
2017-12-27,13:00:00,151.873,152.003,151.866,151.893,0,0
2017-12-27,14:00:00,151.891,151.976,151.773,151.974,0,0
2017-12-27,15:00:00,151.991,152.089,151.869,151.913,0,0
2017-12-27,16:00:00,151.925,152.056,151.842,152.013,0,0
2017-12-27,17:00:00,152.014,152.042,151.787,151.806,0,0
2017-12-27,18:00:00,151.8,151.872,151.734,151.847,0,0
2017-12-27,19:00:00,151.843,151.864,151.77,151.822,0,0
2017-12-27,20:00:00,151.827,151.827,151.658,151.764,0,0
2017-12-27,21:00:00,151.76,151.81,151.656,151.687,0,0
2017-12-27,22:00:00,151.664,151.859,151.664,151.823,0,0
2017-12-27,23:00:00,151.82,151.904,151.8,151.885,0,0
2017-12-27,23:59:00,151.879,151.895,151.67,151.76,0,0
2017-12-28,01:00:00,151.818,151.852,151.743,151.753,0,0
2017-12-28,02:00:00,151.753,151.844,151.707,151.816,0,0
2017-12-28,03:00:00,151.823,151.917,151.765,151.917,0,0
2017-12-28,04:00:00,151.921,151.924,151.792,151.819,0,0
2017-12-28,05:00:00,151.823,151.915,151.816,151.85,0,0
2017-12-28,06:00:00,151.852,151.869,151.643,151.698,0,0
2017-12-28,07:00:00,151.7,151.76,151.544,151.549,0,0
2017-12-28,08:00:00,151.561,151.61,151.488,151.593,0,0
2017-12-28,09:00:00,151.592,151.64,151.488,151.621,0,0
2017-12-28,10:00:00,151.63,151.762,151.565,151.719,0,0
2017-12-28,11:00:00,151.724,151.908,151.634,151.806,0,0
2017-12-28,12:00:00,151.807,151.847,151.665,151.715,0,0
2017-12-28,13:00:00,151.707,151.731,151.551,151.595,0,0
2017-12-28,14:00:00,151.594,151.668,151.531,151.641,0,0
2017-12-28,15:00:00,151.646,151.775,151.623,151.648,0,0
2017-12-28,16:00:00,151.641,151.785,151.595,151.769,0,0
2017-12-28,17:00:00,151.754,151.977,151.636,151.652,0,0
2017-12-28,18:00:00,151.66,151.812,151.62,151.792,0,0
2017-12-28,19:00:00,151.784,151.848,151.734,151.768,0,0
2017-12-28,20:00:00,151.771,151.863,151.744,151.815,0,0
2017-12-28,21:00:00,151.819,151.825,151.711,151.748,0,0
2017-12-28,22:00:00,151.744,151.781,151.705,151.76,0,0
2017-12-28,23:00:00,151.768,151.771,151.681,151.713,0,0
2017-12-28,23:59:00,151.748,151.871,151.596,151.597,0,0
2017-12-29,01:00:00,151.63,151.724,151.626,151.707,0,0
2017-12-29,02:00:00,151.707,151.878,151.702,151.806,0,0
2017-12-29,03:00:00,151.807,151.832,151.595,151.64,0,0
2017-12-29,04:00:00,151.637,151.686,151.528,151.665,0,0
2017-12-29,05:00:00,151.662,151.793,151.646,151.747,0,0
2017-12-29,06:00:00,151.749,151.768,151.695,151.741,0,0
2017-12-29,07:00:00,151.735,151.765,151.675,151.703,0,0
2017-12-29,08:00:00,151.705,151.775,151.67,151.69,0,0
2017-12-29,09:00:00,151.711,151.846,151.709,151.753,0,0
2017-12-29,10:00:00,151.737,152.087,151.732,152.068,0,0
2017-12-29,11:00:00,152.047,152.105,151.967,152.043,0,0
2017-12-29,12:00:00,152.046,152.046,151.834,151.879,0,0
2017-12-29,13:00:00,151.882,152.052,151.869,152.002,0,0
2017-12-29,14:00:00,152.007,152.142,151.995,152.14,0,0
2017-12-29,15:00:00,152.136,152.256,152.109,152.247,0,0
2017-12-29,16:00:00,152.243,152.263,152.076,152.076,0,0
2017-12-29,17:00:00,152.067,152.435,151.976,152.392,0,0
2017-12-29,18:00:00,152.378,152.434,152.185,152.434,0,0
2017-12-29,19:00:00,152.434,152.511,152.243,152.257,0,0
2017-12-29,20:00:00,152.253,152.347,152.242,152.34,0,0
2017-12-29,21:00:00,152.34,152.34,152.235,152.263,0,0
2017-12-29,22:00:00,152.277,152.277,152.11,152.121,0,0
2017-12-29,23:00:00,152.138,152.138,152.114,152.114,0,0
2018-01-02,01:00:00,152.175,152.438,152.139,152.362,0,0
2018-01-02,02:00:00,152.361,152.439,152.3,152.339,0,0
2018-01-02,03:00:00,152.333,152.395,152.294,152.334,0,0
2018-01-02,04:00:00,152.325,152.377,152.282,152.307,0,0
2018-01-02,05:00:00,152.307,152.391,152.304,152.346,0,0
2018-01-02,06:00:00,152.346,152.395,152.297,152.316,0,0
2018-01-02,07:00:00,152.317,152.386,152.312,152.363,0,0
2018-01-02,08:00:00,152.381,152.398,152.317,152.346,0,0
2018-01-02,09:00:00,152.347,152.476,152.318,152.433,0,0
2018-01-02,10:00:00,152.44,152.53,152.249,152.315,0,0
2018-01-02,11:00:00,152.321,152.425,152.034,152.083,0,0
2018-01-02,12:00:00,152.084,152.119,151.905,152.027,0,0
2018-01-02,13:00:00,152.033,152.1,151.917,152.088,0,0
2018-01-02,14:00:00,152.085,152.196,152.044,152.12,0,0
2018-01-02,15:00:00,152.117,152.176,152,152.016,0,0
2018-01-02,16:00:00,152.017,152.099,151.872,152.056,0,0
2018-01-02,17:00:00,152.048,152.324,151.976,152.289,0,0
2018-01-02,18:00:00,152.287,152.523,152.184,152.492,0,0
2018-01-02,19:00:00,152.501,152.632,152.492,152.521,0,0
2018-01-02,20:00:00,152.533,152.664,152.492,152.664,0,0
2018-01-02,21:00:00,152.67,152.735,152.609,152.631,0,0
2018-01-02,22:00:00,152.629,152.697,152.603,152.666,0,0
2018-01-02,23:00:00,152.651,152.705,152.585,152.596,0,0
2018-01-02,23:59:00,152.602,152.711,152.522,152.533,0,0
2018-01-03,01:00:00,152.535,152.649,152.532,152.607,0,0
2018-01-03,02:00:00,152.607,152.736,152.569,152.732,0,0
2018-01-03,03:00:00,152.731,152.787,152.638,152.787,0,0
2018-01-03,04:00:00,152.785,152.785,152.666,152.736,0,0
2018-01-03,05:00:00,152.736,152.775,152.702,152.726,0,0
2018-01-03,06:00:00,152.726,152.783,152.697,152.758,0,0
2018-01-03,07:00:00,152.754,152.785,152.714,152.769,0,0
2018-01-03,08:00:00,152.765,152.826,152.68,152.68,0,0
2018-01-03,09:00:00,152.684,152.81,152.684,152.745,0,0
2018-01-03,10:00:00,152.747,152.823,152.617,152.722,0,0
2018-01-03,11:00:00,152.72,152.747,152.549,152.568,0,0
2018-01-03,12:00:00,152.568,152.637,152.378,152.389,0,0
2018-01-03,13:00:00,152.386,152.407,152.196,152.22,0,0
2018-01-03,14:00:00,152.216,152.297,152.12,152.284,0,0
2018-01-03,15:00:00,152.264,152.295,152.153,152.196,0,0
2018-01-03,16:00:00,152.207,152.209,151.825,151.9,0,0
2018-01-03,17:00:00,151.885,151.961,151.767,151.906,0,0
2018-01-03,18:00:00,151.899,151.911,151.775,151.82,0,0
2018-01-03,19:00:00,151.818,151.948,151.808,151.946,0,0
2018-01-03,20:00:00,151.946,151.946,151.823,151.888,0,0
2018-01-03,21:00:00,151.891,152.101,151.872,152.094,0,0
2018-01-03,22:00:00,152.103,152.108,151.939,151.95,0,0
2018-01-03,23:00:00,151.95,152.103,151.914,152.065,0,0
2018-01-03,23:59:00,152.067,152.126,151.994,152.067,0,0
2018-01-04,01:00:00,152.068,152.178,152.062,152.148,0,0
2018-01-04,02:00:00,152.148,152.294,152.148,152.253,0,0
2018-01-04,03:00:00,152.251,152.38,152.25,152.318,0,0
2018-01-04,04:00:00,152.316,152.364,152.277,152.299,0,0
2018-01-04,05:00:00,152.299,152.341,152.282,152.31,0,0
2018-01-04,06:00:00,152.301,152.331,152.277,152.309,0,0
2018-01-04,07:00:00,152.311,152.312,152.243,152.273,0,0
2018-01-04,08:00:00,152.277,152.284,152.173,152.173,0,0
2018-01-04,09:00:00,152.171,152.24,152.152,152.193,0,0
2018-01-04,10:00:00,152.187,152.502,152.187,152.5,0,0
2018-01-04,11:00:00,152.489,152.563,152.405,152.439,0,0
2018-01-04,12:00:00,152.44,152.58,152.384,152.507,0,0
2018-01-04,13:00:00,152.507,152.643,152.481,152.637,0,0
2018-01-04,14:00:00,152.641,152.712,152.566,152.575,0,0
2018-01-04,15:00:00,152.573,152.831,152.509,152.712,0,0
2018-01-04,16:00:00,152.712,152.832,152.639,152.827,0,0
2018-01-04,17:00:00,152.837,152.973,152.761,152.818,0,0
2018-01-04,18:00:00,152.836,152.947,152.68,152.692,0,0
2018-01-04,19:00:00,152.693,152.858,152.691,152.763,0,0
2018-01-04,20:00:00,152.76,152.819,152.7,152.793,0,0
2018-01-04,21:00:00,152.792,152.856,152.768,152.834,0,0
2018-01-04,22:00:00,152.834,152.847,152.764,152.793,0,0
2018-01-04,23:00:00,152.778,152.799,152.74,152.784,0,0
2018-01-04,23:59:00,152.783,152.813,152.749,152.798,0,0
2018-01-05,01:00:00,152.817,152.879,152.772,152.868,0,0
2018-01-05,02:00:00,152.865,153.007,152.827,152.962,0,0
2018-01-05,03:00:00,152.964,152.975,152.85,152.88,0,0
2018-01-05,04:00:00,152.88,153.025,152.823,153.022,0,0
2018-01-05,05:00:00,153.023,153.106,152.994,153.068,0,0
2018-01-05,06:00:00,153.067,153.135,153.037,153.132,0,0
2018-01-05,07:00:00,153.13,153.345,153.13,153.341,0,0
2018-01-05,08:00:00,153.341,153.489,153.308,153.317,0,0
2018-01-05,09:00:00,153.316,153.369,153.23,153.314,0,0
2018-01-05,10:00:00,153.298,153.398,153.27,153.299,0,0
2018-01-05,11:00:00,153.304,153.315,153.112,153.201,0,0
2018-01-05,12:00:00,153.177,153.327,153.145,153.312,0,0
2018-01-05,13:00:00,153.311,153.462,153.299,153.409,0,0
2018-01-05,14:00:00,153.414,153.525,153.368,153.49,0,0
2018-01-05,15:00:00,153.493,153.639,153.416,153.57,0,0
2018-01-05,16:00:00,153.579,153.584,153.365,153.44,0,0
2018-01-05,17:00:00,153.353,153.575,153.338,153.571,0,0
2018-01-05,18:00:00,153.57,153.592,153.457,153.496,0,0
2018-01-05,19:00:00,153.507,153.573,153.484,153.494,0,0
2018-01-05,20:00:00,153.494,153.573,153.453,153.54,0,0
2018-01-05,21:00:00,153.558,153.566,153.472,153.487,0,0
2018-01-05,22:00:00,153.49,153.518,153.455,153.483,0,0
2018-01-05,23:00:00,153.462,153.468,153.458,153.466,0,0
2018-01-08,01:00:00,153.517,153.666,153.505,153.627,0,0
2018-01-08,02:00:00,153.624,153.624,153.499,153.508,0,0
2018-01-08,03:00:00,153.497,153.673,153.484,153.628,0,0
2018-01-08,04:00:00,153.624,153.667,153.574,153.609,0,0
2018-01-08,05:00:00,153.609,153.61,153.511,153.569,0,0
2018-01-08,06:00:00,153.568,153.581,153.452,153.489,0,0
2018-01-08,07:00:00,153.489,153.572,153.468,153.501,0,0
2018-01-08,08:00:00,153.499,153.524,153.361,153.369,0,0
2018-01-08,09:00:00,153.374,153.525,153.368,153.498,0,0
2018-01-08,10:00:00,153.496,153.529,153.329,153.344,0,0
2018-01-08,11:00:00,153.346,153.347,153.054,153.086,0,0
2018-01-08,12:00:00,153.081,153.265,153.017,153.233,0,0
2018-01-08,13:00:00,153.244,153.324,153.143,153.148,0,0
2018-01-08,14:00:00,153.152,153.208,153.061,153.163,0,0
2018-01-08,15:00:00,153.168,153.193,152.882,152.925,0,0
2018-01-08,16:00:00,152.951,153.165,152.94,153.14,0,0
2018-01-08,17:00:00,153.13,153.459,153.111,153.429,0,0
2018-01-08,18:00:00,153.435,153.53,153.373,153.401,0,0
2018-01-08,19:00:00,153.398,153.458,153.3,153.323,0,0
2018-01-08,20:00:00,153.331,153.399,153.308,153.359,0,0
2018-01-08,21:00:00,153.359,153.399,153.313,153.373,0,0
2018-01-08,22:00:00,153.377,153.436,153.35,153.378,0,0
2018-01-08,23:00:00,153.374,153.454,153.366,153.451,0,0
2018-01-08,23:59:00,153.455,153.56,153.444,153.551,0,0
2018-01-09,01:00:00,153.549,153.576,153.473,153.554,0,0
2018-01-09,02:00:00,153.546,153.578,153.465,153.483,0,0
2018-01-09,03:00:00,153.481,153.505,152.797,152.882,0,0
2018-01-09,04:00:00,152.891,152.922,152.745,152.871,0,0
2018-01-09,05:00:00,152.872,152.995,152.857,152.932,0,0
2018-01-09,06:00:00,152.931,152.943,152.788,152.834,0,0
2018-01-09,07:00:00,152.841,152.989,152.814,152.984,0,0
2018-01-09,08:00:00,152.979,152.989,152.816,152.91,0,0
2018-01-09,09:00:00,152.905,152.977,152.674,152.724,0,0
2018-01-09,10:00:00,152.717,152.855,152.627,152.656,0,0
2018-01-09,11:00:00,152.665,152.803,152.634,152.717,0,0
2018-01-09,12:00:00,152.72,152.741,152.577,152.669,0,0
2018-01-09,13:00:00,152.674,152.686,152.466,152.525,0,0
2018-01-09,14:00:00,152.526,152.571,152.281,152.283,0,0
2018-01-09,15:00:00,152.293,152.308,152.054,152.245,0,0
2018-01-09,16:00:00,152.247,152.453,152.241,152.33,0,0
2018-01-09,17:00:00,152.337,152.341,151.96,152.06,0,0
2018-01-09,18:00:00,152.056,152.171,152.014,152.152,0,0
2018-01-09,19:00:00,152.169,152.426,152.151,152.304,0,0
2018-01-09,20:00:00,152.292,152.367,152.245,152.353,0,0
2018-01-09,21:00:00,152.355,152.458,152.328,152.429,0,0
2018-01-09,22:00:00,152.436,152.507,152.39,152.449,0,0
2018-01-09,23:00:00,152.444,152.542,152.42,152.538,0,0
2018-01-09,23:59:00,152.533,152.562,152.489,152.503,0,0
2018-01-10,01:00:00,152.496,152.606,152.488,152.59,0,0
2018-01-10,02:00:00,152.591,152.596,152.03,152.081,0,0
2018-01-10,03:00:00,152.083,152.143,151.841,151.841,0,0
2018-01-10,04:00:00,151.85,152.038,151.85,151.961,0,0
2018-01-10,05:00:00,151.961,152.031,151.934,151.974,0,0
2018-01-10,06:00:00,151.962,152.073,151.908,151.964,0,0
2018-01-10,07:00:00,151.962,151.965,151.865,151.891,0,0
2018-01-10,08:00:00,151.899,151.913,151.487,151.563,0,0
2018-01-10,09:00:00,151.559,151.571,151.158,151.214,0,0
2018-01-10,10:00:00,151.214,151.31,151.116,151.116,0,0
2018-01-10,11:00:00,151.115,151.198,150.809,150.86,0,0
2018-01-10,12:00:00,150.86,150.929,150.607,150.819,0,0
2018-01-10,13:00:00,150.827,151.111,150.81,150.974,0,0
2018-01-10,14:00:00,150.984,151.061,150.68,150.695,0,0
2018-01-10,15:00:00,150.692,150.965,150.626,150.923,0,0
2018-01-10,16:00:00,150.92,151.025,150.552,150.584,0,0
2018-01-10,17:00:00,150.576,150.872,150.539,150.7,0,0
2018-01-10,18:00:00,150.693,150.763,150.565,150.62,0,0
2018-01-10,19:00:00,150.617,150.72,150.612,150.695,0,0
2018-01-10,20:00:00,150.695,150.721,150.572,150.65,0,0
2018-01-10,21:00:00,150.662,150.708,150.415,150.429,0,0
2018-01-10,22:00:00,150.44,150.574,150.369,150.478,0,0
2018-01-10,23:00:00,150.486,150.555,150.473,150.517,0,0
2018-01-10,23:59:00,150.517,150.544,150.417,150.464,0,0
2018-01-11,01:00:00,150.467,150.605,150.43,150.6,0,0
2018-01-11,02:00:00,150.598,150.652,150.43,150.549,0,0
2018-01-11,03:00:00,150.555,150.838,150.555,150.809,0,0
2018-01-11,04:00:00,150.806,150.844,150.7,150.715,0,0
2018-01-11,05:00:00,150.714,150.865,150.685,150.83,0,0
2018-01-11,06:00:00,150.836,150.876,150.745,150.762,0,0
2018-01-11,07:00:00,150.765,150.961,150.709,150.944,0,0
2018-01-11,08:00:00,150.952,150.966,150.772,150.83,0,0
2018-01-11,09:00:00,150.823,150.926,150.681,150.733,0,0
2018-01-11,10:00:00,150.738,150.767,150.5,150.587,0,0
2018-01-11,11:00:00,150.579,150.634,150.496,150.552,0,0
2018-01-11,12:00:00,150.546,150.704,150.546,150.648,0,0
2018-01-11,13:00:00,150.638,150.731,150.239,150.268,0,0
2018-01-11,14:00:00,150.274,150.631,150.204,150.581,0,0
2018-01-11,15:00:00,150.597,150.86,150.444,150.854,0,0
2018-01-11,16:00:00,150.857,151.007,150.721,150.941,0,0
2018-01-11,17:00:00,150.944,151.005,150.755,150.788,0,0
2018-01-11,18:00:00,150.789,150.996,150.782,150.802,0,0
2018-01-11,19:00:00,150.805,150.838,150.698,150.817,0,0
2018-01-11,20:00:00,150.811,150.812,150.331,150.344,0,0
2018-01-11,21:00:00,150.345,150.41,150.272,150.398,0,0
2018-01-11,22:00:00,150.39,150.559,150.367,150.536,0,0
2018-01-11,23:00:00,150.537,150.679,150.514,150.634,0,0
2018-01-11,23:59:00,150.649,150.699,150.553,150.598,0,0
2018-01-12,01:00:00,150.602,150.766,150.592,150.691,0,0
2018-01-12,02:00:00,150.695,150.847,150.612,150.786,0,0
2018-01-12,03:00:00,150.788,150.844,150.701,150.819,0,0
2018-01-12,04:00:00,150.818,150.818,150.654,150.681,0,0
2018-01-12,05:00:00,150.686,150.787,150.654,150.744,0,0
2018-01-12,06:00:00,150.749,150.783,150.681,150.711,0,0
2018-01-12,07:00:00,150.717,150.73,150.61,150.665,0,0
2018-01-12,08:00:00,150.66,150.826,150.616,150.771,0,0
2018-01-12,09:00:00,150.765,150.947,150.72,150.855,0,0
2018-01-12,10:00:00,150.853,151.247,150.743,151.164,0,0
2018-01-12,11:00:00,151.167,151.297,151.112,151.243,0,0
2018-01-12,12:00:00,151.246,151.348,151.142,151.224,0,0
2018-01-12,13:00:00,151.218,151.583,151.212,151.577,0,0
2018-01-12,14:00:00,151.581,151.611,151.45,151.544,0,0
2018-01-12,15:00:00,151.541,152.663,151.536,152.462,0,0
2018-01-12,16:00:00,152.46,152.507,152.253,152.425,0,0
2018-01-12,17:00:00,152.42,152.42,152.174,152.362,0,0
2018-01-12,18:00:00,152.363,152.42,152.114,152.248,0,0
2018-01-12,19:00:00,152.256,152.361,152.18,152.302,0,0
2018-01-12,20:00:00,152.302,152.386,152.258,152.344,0,0
2018-01-12,21:00:00,152.342,152.54,152.22,152.539,0,0
2018-01-12,22:00:00,152.545,152.545,152.342,152.488,0,0
2018-01-12,23:00:00,152.467,152.496,152.467,152.491,0,0
2018-01-15,01:00:00,152.675,152.716,152.474,152.619,0,0
2018-01-15,02:00:00,152.625,152.659,152.157,152.259,0,0
2018-01-15,03:00:00,152.258,152.31,152.128,152.178,0,0
2018-01-15,04:00:00,152.168,152.203,152.04,152.069,0,0
2018-01-15,05:00:00,152.069,152.223,152.062,152.172,0,0
2018-01-15,06:00:00,152.174,152.174,152.059,152.118,0,0
2018-01-15,07:00:00,152.114,152.199,152.032,152.193,0,0
2018-01-15,08:00:00,152.193,152.428,152.149,152.343,0,0
2018-01-15,09:00:00,152.326,152.484,152.268,152.422,0,0
2018-01-15,10:00:00,152.422,152.445,151.936,152.038,0,0
2018-01-15,11:00:00,152.05,152.631,152.015,152.483,0,0
2018-01-15,12:00:00,152.477,152.805,152.387,152.655,0,0
2018-01-15,13:00:00,152.651,152.658,152.338,152.426,0,0
2018-01-15,14:00:00,152.429,152.625,152.359,152.563,0,0
2018-01-15,15:00:00,152.561,152.643,152.401,152.533,0,0
2018-01-15,16:00:00,152.539,152.724,152.486,152.722,0,0
2018-01-15,17:00:00,152.726,152.762,152.393,152.512,0,0
2018-01-15,18:00:00,152.523,152.666,152.506,152.59,0,0
2018-01-15,19:00:00,152.586,152.683,152.386,152.508,0,0
2018-01-15,20:00:00,152.511,152.561,152.282,152.364,0,0
2018-01-15,21:00:00,152.369,152.488,152.332,152.378,0,0
2018-01-15,22:00:00,152.379,152.476,152.347,152.462,0,0
2018-01-15,23:00:00,152.455,152.535,152.442,152.454,0,0
2018-01-15,23:59:00,152.454,152.53,152.412,152.528,0,0
2018-01-16,01:00:00,152.526,152.624,152.435,152.591,0,0
2018-01-16,02:00:00,152.591,152.941,152.577,152.912,0,0
2018-01-16,03:00:00,152.913,152.933,152.848,152.902,0,0
2018-01-16,04:00:00,152.903,153.104,152.865,153.053,0,0
2018-01-16,05:00:00,153.054,153.064,152.924,152.926,0,0
2018-01-16,06:00:00,152.924,153.01,152.863,152.885,0,0
2018-01-16,07:00:00,152.9,152.991,152.846,152.847,0,0
2018-01-16,08:00:00,152.86,152.926,152.8,152.868,0,0
2018-01-16,09:00:00,152.865,152.939,152.566,152.655,0,0
2018-01-16,10:00:00,152.655,152.77,152.359,152.437,0,0
2018-01-16,11:00:00,152.436,152.601,152.224,152.327,0,0
2018-01-16,12:00:00,152.34,152.407,152.14,152.225,0,0
2018-01-16,13:00:00,152.221,152.31,152.09,152.103,0,0
2018-01-16,14:00:00,152.115,152.388,152.055,152.38,0,0
2018-01-16,15:00:00,152.386,152.406,152.306,152.361,0,0
2018-01-16,16:00:00,152.356,152.507,152.27,152.427,0,0
2018-01-16,17:00:00,152.43,152.542,152.386,152.45,0,0
2018-01-16,18:00:00,152.451,152.617,152.445,152.53,0,0
2018-01-16,19:00:00,152.528,152.711,152.489,152.502,0,0
2018-01-16,20:00:00,152.508,152.614,152.464,152.488,0,0
2018-01-16,21:00:00,152.484,152.498,152.076,152.131,0,0
2018-01-16,22:00:00,152.142,152.285,152.103,152.284,0,0
2018-01-16,23:00:00,152.297,152.483,152.294,152.334,0,0
2018-01-16,23:59:00,152.334,152.416,152.232,152.283,0,0
2018-01-17,01:00:00,152.274,152.326,152.15,152.319,0,0
2018-01-17,02:00:00,152.318,152.547,152.205,152.471,0,0
2018-01-17,03:00:00,152.47,152.69,152.44,152.563,0,0
2018-01-17,04:00:00,152.559,152.76,152.53,152.619,0,0
2018-01-17,05:00:00,152.623,152.707,152.562,152.563,0,0
2018-01-17,06:00:00,152.562,152.807,152.457,152.724,0,0
2018-01-17,07:00:00,152.724,152.804,152.68,152.706,0,0
2018-01-17,08:00:00,152.706,152.727,152.54,152.565,0,0
2018-01-17,09:00:00,152.556,152.666,152.389,152.425,0,0
2018-01-17,10:00:00,152.402,152.703,152.402,152.699,0,0
2018-01-17,11:00:00,152.697,152.783,152.627,152.766,0,0
2018-01-17,12:00:00,152.754,152.844,152.625,152.683,0,0
2018-01-17,13:00:00,152.679,152.832,152.661,152.676,0,0
2018-01-17,14:00:00,152.679,152.829,152.606,152.607,0,0
2018-01-17,15:00:00,152.597,152.815,152.597,152.801,0,0
2018-01-17,16:00:00,152.8,152.94,152.673,152.707,0,0
2018-01-17,17:00:00,152.695,153.232,152.674,153.174,0,0
2018-01-17,18:00:00,153.169,153.383,153.084,153.195,0,0
2018-01-17,19:00:00,153.193,153.421,153.169,153.421,0,0
2018-01-17,20:00:00,153.424,154.214,153.421,154.018,0,0
2018-01-17,21:00:00,153.984,154.222,153.87,154.196,0,0
2018-01-17,22:00:00,154.226,154.282,153.964,153.98,0,0
2018-01-17,23:00:00,153.984,154.074,153.892,153.928,0,0
2018-01-17,23:59:00,153.94,153.974,153.703,153.759,0,0
2018-01-18,01:00:00,153.761,154.015,153.702,153.95,0,0
2018-01-18,02:00:00,153.948,153.976,153.712,153.769,0,0
2018-01-18,03:00:00,153.769,153.889,153.715,153.777,0,0
2018-01-18,04:00:00,153.777,153.922,153.739,153.809,0,0
2018-01-18,05:00:00,153.802,153.93,153.71,153.892,0,0
2018-01-18,06:00:00,153.887,153.959,153.857,153.923,0,0
2018-01-18,07:00:00,153.926,153.961,153.672,153.739,0,0
2018-01-18,08:00:00,153.739,153.963,153.654,153.949,0,0
2018-01-18,09:00:00,153.955,154.005,153.639,153.853,0,0
2018-01-18,10:00:00,153.854,153.959,153.801,153.801,0,0
2018-01-18,11:00:00,153.767,154.086,153.75,154.086,0,0
2018-01-18,12:00:00,154.087,154.251,153.905,154.24,0,0
2018-01-18,13:00:00,154.221,154.575,154.146,154.528,0,0
2018-01-18,14:00:00,154.511,154.583,154.212,154.242,0,0
2018-01-18,15:00:00,154.241,154.294,154.051,154.068,0,0
2018-01-18,16:00:00,154.074,154.197,153.936,154.031,0,0
2018-01-18,17:00:00,154.016,154.227,153.753,154.011,0,0
2018-01-18,18:00:00,153.999,154.22,153.912,153.991,0,0
2018-01-18,19:00:00,154,154.117,153.94,153.979,0,0
2018-01-18,20:00:00,153.985,154.224,153.96,154.196,0,0
2018-01-18,21:00:00,154.197,154.257,154.172,154.198,0,0
2018-01-18,22:00:00,154.179,154.351,154.168,154.265,0,0
2018-01-18,23:00:00,154.272,154.397,154.23,154.382,0,0
2018-01-18,23:59:00,154.375,154.443,154.249,154.28,0,0
2018-01-19,01:00:00,154.288,154.374,154.189,154.269,0,0
2018-01-19,02:00:00,154.266,154.311,154.134,154.284,0,0
2018-01-19,03:00:00,154.282,154.361,154.21,154.326,0,0
2018-01-19,04:00:00,154.319,154.34,154.2,154.251,0,0
2018-01-19,05:00:00,154.238,154.352,154.233,154.293,0,0
2018-01-19,06:00:00,154.293,154.324,154.231,154.272,0,0
2018-01-19,07:00:00,154.272,154.284,154.19,154.193,0,0
2018-01-19,08:00:00,154.21,154.225,153.975,153.975,0,0
2018-01-19,09:00:00,153.987,154.22,153.955,154.064,0,0
2018-01-19,10:00:00,154.075,154.222,153.986,154.025,0,0
2018-01-19,11:00:00,154.032,154.165,153.796,153.941,0,0
2018-01-19,12:00:00,153.948,153.96,153.826,153.872,0,0
2018-01-19,13:00:00,153.872,153.984,153.483,153.768,0,0
2018-01-19,14:00:00,153.762,153.768,153.342,153.434,0,0
2018-01-19,15:00:00,153.436,153.516,153.16,153.25,0,0
2018-01-19,16:00:00,153.242,153.647,153.221,153.533,0,0
2018-01-19,17:00:00,153.489,153.531,153.117,153.18,0,0
2018-01-19,18:00:00,153.185,153.342,153.148,153.179,0,0
2018-01-19,19:00:00,153.18,153.36,153.161,153.309,0,0
2018-01-19,20:00:00,153.304,153.397,153.233,153.381,0,0
2018-01-19,21:00:00,153.396,153.545,153.385,153.419,0,0
2018-01-19,22:00:00,153.401,153.568,153.386,153.564,0,0
2018-01-19,23:00:00,153.559,153.582,153.557,153.575,0,0
2018-01-22,01:00:00,153.656,153.799,153.569,153.757,0,0
2018-01-22,02:00:00,153.757,153.774,153.599,153.652,0,0
2018-01-22,03:00:00,153.659,153.705,153.505,153.612,0,0
2018-01-22,04:00:00,153.61,153.703,153.566,153.666,0,0
2018-01-22,05:00:00,153.664,153.708,153.63,153.69,0,0
2018-01-22,06:00:00,153.69,153.69,153.529,153.616,0,0
2018-01-22,07:00:00,153.619,153.703,153.578,153.636,0,0
2018-01-22,08:00:00,153.635,153.751,153.624,153.72,0,0
2018-01-22,09:00:00,153.718,153.963,153.662,153.85,0,0
2018-01-22,10:00:00,153.847,154.023,153.83,153.993,0,0
2018-01-22,11:00:00,153.98,154.078,153.828,153.865,0,0
2018-01-22,12:00:00,153.862,154.057,153.834,153.916,0,0
2018-01-22,13:00:00,153.915,153.996,153.824,153.93,0,0
2018-01-22,14:00:00,153.926,154.04,153.912,153.993,0,0
2018-01-22,15:00:00,153.985,154.272,153.89,154.186,0,0
2018-01-22,16:00:00,154.185,154.411,154.095,154.401,0,0
2018-01-22,17:00:00,154.397,154.794,154.349,154.767,0,0
2018-01-22,18:00:00,154.748,154.979,154.643,154.979,0,0
2018-01-22,19:00:00,154.961,155.198,154.85,155.105,0,0
2018-01-22,20:00:00,155.109,155.155,154.915,155.109,0,0
2018-01-22,21:00:00,155.108,155.252,155.078,155.189,0,0
2018-01-22,22:00:00,155.185,155.259,155.131,155.21,0,0
2018-01-22,23:00:00,155.215,155.215,155.136,155.149,0,0
2018-01-22,23:59:00,155.145,155.203,155.051,155.127,0,0
2018-01-23,01:00:00,155.147,155.231,155.131,155.198,0,0
2018-01-23,02:00:00,155.199,155.289,155.112,155.175,0,0
2018-01-23,03:00:00,155.172,155.32,155.119,155.307,0,0
2018-01-23,04:00:00,155.307,155.342,155.047,155.1,0,0
2018-01-23,05:00:00,155.096,155.149,154.686,154.854,0,0
2018-01-23,06:00:00,154.858,155.003,154.828,154.938,0,0
2018-01-23,07:00:00,154.929,154.977,154.827,154.955,0,0
2018-01-23,08:00:00,154.958,155.397,154.899,155.265,0,0
2018-01-23,09:00:00,155.266,155.323,154.941,154.988,0,0
2018-01-23,10:00:00,154.998,154.998,154.389,154.485,0,0
2018-01-23,11:00:00,154.485,154.513,154.312,154.387,0,0
2018-01-23,12:00:00,154.343,154.445,154.204,154.378,0,0
2018-01-23,13:00:00,154.37,154.374,153.932,153.932,0,0
2018-01-23,14:00:00,153.948,154.192,153.745,154.183,0,0
2018-01-23,15:00:00,154.194,154.219,154.029,154.039,0,0
2018-01-23,16:00:00,154.035,154.561,154.023,154.419,0,0
2018-01-23,17:00:00,154.433,154.704,154.354,154.678,0,0
2018-01-23,18:00:00,154.678,154.732,154.169,154.259,0,0
2018-01-23,19:00:00,154.27,154.395,154.254,154.354,0,0
2018-01-23,20:00:00,154.359,154.496,154.305,154.343,0,0
2018-01-23,21:00:00,154.339,154.494,154.27,154.453,0,0
2018-01-23,22:00:00,154.417,154.442,154.367,154.416,0,0
2018-01-23,23:00:00,154.406,154.475,154.387,154.42,0,0
2018-01-23,23:59:00,154.421,154.512,154.343,154.417,0,0
2018-01-24,01:00:00,154.418,154.473,154.279,154.306,0,0
2018-01-24,02:00:00,154.301,154.435,154.254,154.407,0,0
2018-01-24,03:00:00,154.404,154.495,154.332,154.367,0,0
2018-01-24,04:00:00,154.351,154.48,154.242,154.339,0,0
2018-01-24,05:00:00,154.327,154.387,154.258,154.328,0,0
2018-01-24,06:00:00,154.328,154.348,154.142,154.18,0,0
2018-01-24,07:00:00,154.181,154.295,154.136,154.289,0,0
2018-01-24,08:00:00,154.288,154.426,154.203,154.298,0,0
2018-01-24,09:00:00,154.302,154.484,154.177,154.268,0,0
2018-01-24,10:00:00,154.272,154.595,154.254,154.497,0,0
2018-01-24,11:00:00,154.496,154.711,154.421,154.553,0,0
2018-01-24,12:00:00,154.561,154.565,154.366,154.392,0,0
2018-01-24,13:00:00,154.388,154.917,154.257,154.858,0,0
2018-01-24,14:00:00,154.859,155.101,154.796,154.979,0,0
2018-01-24,15:00:00,154.979,155.371,154.902,155.325,0,0
2018-01-24,16:00:00,155.312,155.372,155.143,155.228,0,0
2018-01-24,17:00:00,155.248,155.621,155.169,155.314,0,0
2018-01-24,18:00:00,155.318,155.36,154.883,154.963,0,0
2018-01-24,19:00:00,154.976,155.21,154.867,155.02,0,0
2018-01-24,20:00:00,155.031,155.156,154.897,155.114,0,0
2018-01-24,21:00:00,155.096,155.148,154.944,155.023,0,0
2018-01-24,22:00:00,155.03,155.122,154.962,155.064,0,0
2018-01-24,23:00:00,155.068,155.703,155.067,155.536,0,0
2018-01-24,23:59:00,155.566,155.58,155.413,155.493,0,0
2018-01-25,01:00:00,155.496,155.527,155.415,155.473,0,0
2018-01-25,02:00:00,155.458,155.717,155.376,155.622,0,0
2018-01-25,03:00:00,155.622,155.644,155.538,155.566,0,0
2018-01-25,04:00:00,155.565,155.712,155.406,155.627,0,0
2018-01-25,05:00:00,155.614,155.86,155.598,155.823,0,0
2018-01-25,06:00:00,155.825,155.861,155.727,155.813,0,0
2018-01-25,07:00:00,155.809,155.854,155.721,155.76,0,0
2018-01-25,08:00:00,155.749,155.85,155.63,155.735,0,0
2018-01-25,09:00:00,155.735,155.815,155.361,155.407,0,0
2018-01-25,10:00:00,155.4,155.834,155.257,155.566,0,0
2018-01-25,11:00:00,155.569,155.849,155.387,155.729,0,0
2018-01-25,12:00:00,155.744,155.783,155.469,155.558,0,0
2018-01-25,13:00:00,155.556,155.647,155.267,155.429,0,0
2018-01-25,14:00:00,155.424,155.571,155.392,155.393,0,0
2018-01-25,15:00:00,155.381,155.815,155.213,155.634,0,0
2018-01-25,16:00:00,155.657,156.08,155.604,155.654,0,0
2018-01-25,17:00:00,155.633,155.77,155.272,155.452,0,0
2018-01-25,18:00:00,155.453,155.523,155.025,155.036,0,0
2018-01-25,19:00:00,155.041,155.239,154.815,154.903,0,0
2018-01-25,20:00:00,154.911,154.96,154.592,154.596,0,0
2018-01-25,21:00:00,154.59,155.037,154.465,154.505,0,0
2018-01-25,22:00:00,154.555,154.689,154.437,154.532,0,0
2018-01-25,23:00:00,154.511,154.813,154.507,154.698,0,0
2018-01-25,23:59:00,154.738,154.932,154.669,154.755,0,0
2018-01-26,01:00:00,154.808,155.249,154.758,155.208,0,0
2018-01-26,02:00:00,155.19,155.396,155.116,155.352,0,0
2018-01-26,03:00:00,155.349,155.409,155.167,155.219,0,0
2018-01-26,04:00:00,155.21,155.287,155.02,155.086,0,0
2018-01-26,05:00:00,155.078,155.191,155.078,155.176,0,0
2018-01-26,06:00:00,155.183,155.23,155.078,155.15,0,0
2018-01-26,07:00:00,155.15,155.164,155.055,155.098,0,0
2018-01-26,08:00:00,155.099,155.346,155.022,155.295,0,0
2018-01-26,09:00:00,155.282,155.443,155.232,155.302,0,0
2018-01-26,10:00:00,155.306,155.418,154.93,155.087,0,0
2018-01-26,11:00:00,155.082,155.667,155.038,155.585,0,0
2018-01-26,12:00:00,155.602,155.62,155.329,155.386,0,0
2018-01-26,13:00:00,155.373,155.859,155.35,155.83,0,0
2018-01-26,14:00:00,155.837,155.837,155.518,155.644,0,0
2018-01-26,15:00:00,155.653,155.706,155.507,155.612,0,0
2018-01-26,16:00:00,155.607,155.685,154.566,154.566,0,0
2018-01-26,17:00:00,154.534,154.534,153.864,154.016,0,0
2018-01-26,18:00:00,154.014,154.108,153.442,153.671,0,0
2018-01-26,19:00:00,153.665,154,153.6,153.926,0,0
2018-01-26,20:00:00,153.925,153.992,153.801,153.843,0,0
2018-01-26,21:00:00,153.84,154.517,153.767,153.876,0,0
2018-01-26,22:00:00,153.859,153.901,153.726,153.814,0,0
2018-01-26,23:00:00,153.802,153.818,153.787,153.81,0,0
2018-01-29,01:00:00,153.734,153.861,153.669,153.695,0,0
2018-01-29,02:00:00,153.692,153.88,153.423,153.814,0,0
2018-01-29,03:00:00,153.802,153.877,153.724,153.774,0,0
2018-01-29,04:00:00,153.77,153.87,153.684,153.739,0,0
2018-01-29,05:00:00,153.729,153.794,153.674,153.737,0,0
2018-01-29,06:00:00,153.746,153.782,153.71,153.737,0,0
2018-01-29,07:00:00,153.745,153.814,153.693,153.752,0,0
2018-01-29,08:00:00,153.767,153.886,153.671,153.699,0,0
2018-01-29,09:00:00,153.699,154.021,153.689,153.896,0,0
2018-01-29,10:00:00,153.898,153.96,153.662,153.816,0,0
2018-01-29,11:00:00,153.803,153.898,153.454,153.464,0,0
2018-01-29,12:00:00,153.471,153.514,153.166,153.188,0,0
2018-01-29,13:00:00,153.197,153.216,152.856,152.856,0,0
2018-01-29,14:00:00,152.86,153.2,152.828,153.182,0,0
2018-01-29,15:00:00,153.182,153.331,153.079,153.152,0,0
2018-01-29,16:00:00,153.145,153.351,153.066,153.302,0,0
2018-01-29,17:00:00,153.291,153.455,153.082,153.312,0,0
2018-01-29,18:00:00,153.325,153.344,153.102,153.248,0,0
2018-01-29,19:00:00,153.248,153.506,153.192,153.491,0,0
2018-01-29,20:00:00,153.489,153.508,153.324,153.376,0,0
2018-01-29,21:00:00,153.38,153.403,153.271,153.369,0,0
2018-01-29,22:00:00,153.363,153.413,153.282,153.35,0,0
2018-01-29,23:00:00,153.333,153.389,153.307,153.338,0,0
2018-01-29,23:59:00,153.342,153.397,153.298,153.366,0,0
2018-01-30,01:00:00,153.367,153.401,153.284,153.325,0,0
2018-01-30,02:00:00,153.318,153.363,153.148,153.238,0,0
2018-01-30,03:00:00,153.231,153.241,153.029,153.174,0,0
2018-01-30,04:00:00,153.171,153.336,153.091,153.219,0,0
2018-01-30,05:00:00,153.214,153.241,152.9,152.925,0,0
2018-01-30,06:00:00,152.925,152.971,152.599,152.729,0,0
2018-01-30,07:00:00,152.717,152.827,152.582,152.588,0,0
2018-01-30,08:00:00,152.577,152.621,152.432,152.519,0,0
2018-01-30,09:00:00,152.519,152.522,152.184,152.216,0,0
2018-01-30,10:00:00,152.186,152.458,151.978,152.408,0,0
2018-01-30,11:00:00,152.424,152.946,152.334,152.894,0,0
2018-01-30,12:00:00,152.898,153.279,152.796,152.958,0,0
2018-01-30,13:00:00,152.945,153.441,152.902,153.42,0,0
2018-01-30,14:00:00,153.437,153.547,153.321,153.385,0,0
2018-01-30,15:00:00,153.395,153.857,153.251,153.535,0,0
2018-01-30,16:00:00,153.527,153.644,153.24,153.404,0,0
2018-01-30,17:00:00,153.411,153.757,153.264,153.579,0,0
2018-01-30,18:00:00,153.574,153.806,153.504,153.765,0,0
2018-01-30,19:00:00,153.773,153.98,153.712,153.915,0,0
2018-01-30,20:00:00,153.916,153.919,153.675,153.868,0,0
2018-01-30,21:00:00,153.871,154.078,153.815,153.945,0,0
2018-01-30,22:00:00,153.943,154.008,153.861,153.909,0,0
2018-01-30,23:00:00,153.901,153.957,153.847,153.933,0,0
2018-01-30,23:59:00,153.882,153.943,153.811,153.92,0,0
2018-01-31,01:00:00,153.92,153.94,153.771,153.925,0,0
2018-01-31,02:00:00,153.927,154.309,153.903,154.042,0,0
2018-01-31,03:00:00,154.059,154.345,153.905,154.012,0,0
2018-01-31,04:00:00,154.015,154.217,153.954,154.181,0,0
2018-01-31,05:00:00,154.188,154.428,154.157,154.38,0,0
2018-01-31,06:00:00,154.381,154.383,154.23,154.257,0,0
2018-01-31,07:00:00,154.26,154.322,154.1,154.216,0,0
2018-01-31,08:00:00,154.228,154.426,154.167,154.336,0,0
2018-01-31,09:00:00,154.371,154.417,154.173,154.192,0,0
2018-01-31,10:00:00,154.191,154.332,154.001,154.191,0,0
2018-01-31,11:00:00,154.207,154.27,153.568,153.575,0,0
2018-01-31,12:00:00,153.579,153.972,153.579,153.972,0,0
2018-01-31,13:00:00,153.974,154.047,153.761,154.034,0,0
2018-01-31,14:00:00,154.029,154.279,153.905,154.274,0,0
2018-01-31,15:00:00,154.268,154.436,154.158,154.433,0,0
2018-01-31,16:00:00,154.436,154.436,154.146,154.398,0,0
2018-01-31,17:00:00,154.411,155.283,154.275,155.265,0,0
2018-01-31,18:00:00,155.251,155.348,155.018,155.088,0,0
2018-01-31,19:00:00,155.104,155.202,155.021,155.124,0,0
2018-01-31,20:00:00,155.124,155.126,154.885,155.009,0,0
2018-01-31,21:00:00,154.998,155.038,154.676,154.676,0,0
2018-01-31,22:00:00,154.647,155.016,154.637,154.993,0,0
2018-01-31,23:00:00,154.994,155.047,154.876,154.951,0,0
2018-01-31,23:59:00,154.958,155.092,154.842,155.031,0,0
2018-02-01,01:00:00,155.025,155.167,155.01,155.051,0,0
2018-02-01,02:00:00,155.049,155.153,154.964,155.091,0,0
2018-02-01,03:00:00,155.1,155.415,155.069,155.37,0,0
2018-02-01,04:00:00,155.37,155.451,155.177,155.224,0,0
2018-02-01,05:00:00,155.223,155.342,155.209,155.243,0,0
2018-02-01,06:00:00,155.25,155.25,155.088,155.125,0,0
2018-02-01,07:00:00,155.127,155.177,155.061,155.164,0,0
2018-02-01,08:00:00,155.174,155.265,155.092,155.211,0,0
2018-02-01,09:00:00,155.218,155.617,155.182,155.587,0,0
2018-02-01,10:00:00,155.578,156.26,155.578,156.103,0,0
2018-02-01,11:00:00,156.081,156.443,156.081,156.221,0,0
2018-02-01,12:00:00,156.212,156.24,156.06,156.096,0,0
2018-02-01,13:00:00,156.011,156.291,155.958,155.964,0,0
2018-02-01,14:00:00,155.947,156.006,155.757,155.847,0,0
2018-02-01,15:00:00,155.847,156.11,155.519,155.692,0,0
2018-02-01,16:00:00,155.686,155.686,155.242,155.513,0,0
2018-02-01,17:00:00,155.496,155.867,155.395,155.706,0,0
2018-02-01,18:00:00,155.723,156.047,155.567,156.005,0,0
2018-02-01,19:00:00,156.001,156.145,155.84,155.903,0,0
2018-02-01,20:00:00,155.916,156.115,155.909,156.034,0,0
2018-02-01,21:00:00,156.032,156.141,155.964,156.077,0,0
2018-02-01,22:00:00,156.063,156.118,155.918,155.987,0,0
2018-02-01,23:00:00,155.976,156.092,155.942,156.06,0,0
2018-02-01,23:59:00,156.066,156.186,156.032,156.146,0,0
2018-02-02,01:00:00,156.126,156.145,156.038,156.072,0,0
2018-02-02,02:00:00,156.072,156.14,155.963,156.14,0,0
2018-02-02,03:00:00,156.143,156.34,155.932,156.109,0,0
2018-02-02,04:00:00,156.103,156.342,156.059,156.303,0,0
2018-02-02,05:00:00,156.3,156.503,156.289,156.314,0,0
2018-02-02,06:00:00,156.309,156.427,156.309,156.376,0,0
2018-02-02,07:00:00,156.381,156.421,156.317,156.347,0,0
2018-02-02,08:00:00,156.347,156.614,156.273,156.606,0,0
2018-02-02,09:00:00,156.591,156.604,156.299,156.412,0,0
2018-02-02,10:00:00,156.412,156.507,156.044,156.11,0,0
2018-02-02,11:00:00,156.129,156.289,156.053,156.208,0,0
2018-02-02,12:00:00,156.205,156.279,156.049,156.264,0,0
2018-02-02,13:00:00,156.247,156.438,156.188,156.268,0,0
2018-02-02,14:00:00,156.269,156.323,156.181,156.212,0,0
2018-02-02,15:00:00,156.213,156.424,156.047,156.155,0,0
2018-02-02,16:00:00,156.159,156.31,156.043,156.154,0,0
2018-02-02,17:00:00,156.135,156.135,155.729,155.902,0,0
2018-02-02,18:00:00,155.907,156.059,155.764,155.95,0,0
2018-02-02,19:00:00,155.955,156.034,155.849,155.924,0,0
2018-02-02,20:00:00,155.938,156.004,155.874,155.937,0,0
2018-02-02,21:00:00,155.946,155.997,155.762,155.773,0,0
2018-02-02,22:00:00,155.779,155.79,155.497,155.501,0,0
2018-02-02,23:00:00,155.506,155.506,155.48,155.481,0,0
2018-02-05,01:00:00,155.426,155.443,155.044,155.263,0,0
2018-02-05,02:00:00,155.267,155.413,155.065,155.121,0,0
2018-02-05,03:00:00,155.117,155.22,154.899,155.117,0,0
2018-02-05,04:00:00,155.114,155.165,155.024,155.129,0,0
2018-02-05,05:00:00,155.134,155.312,155.123,155.182,0,0
2018-02-05,06:00:00,155.194,155.336,155.165,155.288,0,0
2018-02-05,07:00:00,155.291,155.385,155.281,155.309,0,0
2018-02-05,08:00:00,155.299,155.346,155.142,155.199,0,0
2018-02-05,09:00:00,155.203,155.241,154.858,154.863,0,0
2018-02-05,10:00:00,154.865,155.309,154.844,155.126,0,0
2018-02-05,11:00:00,155.128,155.384,155.046,155.12,0,0
2018-02-05,12:00:00,155.127,155.249,154.971,154.975,0,0
2018-02-05,13:00:00,154.985,154.993,154.063,154.193,0,0
2018-02-05,14:00:00,154.205,154.279,153.964,154.14,0,0
2018-02-05,15:00:00,154.141,154.421,154.141,154.235,0,0
2018-02-05,16:00:00,154.243,154.243,153.948,154.12,0,0
2018-02-05,17:00:00,154.128,154.604,154.058,154.297,0,0
2018-02-05,18:00:00,154.323,154.406,154.045,154.388,0,0
2018-02-05,19:00:00,154.375,154.405,154.108,154.309,0,0
2018-02-05,20:00:00,154.3,154.3,153.85,154.057,0,0
2018-02-05,21:00:00,154.07,154.075,153.533,153.606,0,0
2018-02-05,22:00:00,153.592,153.639,152.533,152.547,0,0
2018-02-05,23:00:00,152.636,152.768,152.302,152.302,0,0
2018-02-05,23:59:00,152.283,152.559,152.261,152.442,0,0
2018-02-06,01:00:00,152.43,152.576,152.032,152.06,0,0
2018-02-06,02:00:00,152.062,152.62,151.96,152.45,0,0
2018-02-06,03:00:00,152.442,152.529,151.457,151.618,0,0
2018-02-06,04:00:00,151.619,151.774,151.427,151.667,0,0
2018-02-06,05:00:00,151.671,151.899,151.568,151.608,0,0
2018-02-06,06:00:00,151.61,151.696,151.215,151.497,0,0
2018-02-06,07:00:00,151.5,152.216,151.459,152.081,0,0
2018-02-06,08:00:00,152.069,152.346,151.873,152.203,0,0
2018-02-06,09:00:00,152.201,152.567,152.002,152.217,0,0
2018-02-06,10:00:00,152.202,152.844,152.14,152.804,0,0
2018-02-06,11:00:00,152.797,152.868,152.344,152.544,0,0
2018-02-06,12:00:00,152.54,152.554,152.126,152.452,0,0
2018-02-06,13:00:00,152.449,152.457,151.708,151.889,0,0
2018-02-06,14:00:00,151.866,151.984,151.52,151.544,0,0
2018-02-06,15:00:00,151.54,151.891,151.374,151.702,0,0
2018-02-06,16:00:00,151.692,152.139,151.516,151.859,0,0
2018-02-06,17:00:00,151.871,152.06,151.314,152.029,0,0
2018-02-06,18:00:00,152.006,152.509,151.867,152.312,0,0
2018-02-06,19:00:00,152.316,152.842,152.309,152.632,0,0
2018-02-06,20:00:00,152.634,152.72,152.388,152.505,0,0
2018-02-06,21:00:00,152.5,152.689,152.312,152.622,0,0
2018-02-06,22:00:00,152.604,152.9,152.585,152.803,0,0
2018-02-06,23:00:00,152.827,152.915,152.763,152.845,0,0
2018-02-06,23:59:00,152.815,153.127,152.704,153.126,0,0
2018-02-07,01:00:00,153.126,153.126,152.908,153.014,0,0
2018-02-07,02:00:00,153.016,153.058,152.608,152.749,0,0
2018-02-07,03:00:00,152.753,152.886,152.638,152.848,0,0
2018-02-07,04:00:00,152.847,152.97,152.541,152.558,0,0
2018-02-07,05:00:00,152.55,152.76,152.537,152.67,0,0
2018-02-07,06:00:00,152.679,152.696,152.579,152.617,0,0
2018-02-07,07:00:00,152.617,152.617,152.398,152.429,0,0
2018-02-07,08:00:00,152.427,152.528,152.269,152.51,0,0
2018-02-07,09:00:00,152.509,152.769,152.141,152.169,0,0
2018-02-07,10:00:00,152.158,152.181,151.69,152.074,0,0
2018-02-07,11:00:00,152.071,152.09,151.763,151.865,0,0
2018-02-07,12:00:00,151.876,151.885,151.363,151.387,0,0
2018-02-07,13:00:00,151.387,151.866,151.331,151.661,0,0
2018-02-07,14:00:00,151.663,152.108,151.559,151.953,0,0
2018-02-07,15:00:00,151.963,152.161,151.772,151.902,0,0
2018-02-07,16:00:00,151.888,152.223,151.651,152.22,0,0
2018-02-07,17:00:00,152.231,152.231,151.656,151.699,0,0
2018-02-07,18:00:00,151.689,152.16,151.65,152.034,0,0
2018-02-07,19:00:00,152.029,152.077,151.701,152.03,0,0
2018-02-07,20:00:00,152.026,152.049,151.347,151.631,0,0
2018-02-07,21:00:00,151.634,152.045,151.495,151.847,0,0
2018-02-07,22:00:00,151.865,152.287,151.842,152.108,0,0
2018-02-07,23:00:00,152.11,152.17,151.655,151.785,0,0
2018-02-07,23:59:00,151.752,151.825,151.582,151.72,0,0
2018-02-08,01:00:00,151.722,151.768,151.474,151.498,0,0
2018-02-08,02:00:00,151.501,151.92,151.434,151.756,0,0
2018-02-08,03:00:00,151.764,151.92,151.713,151.818,0,0
2018-02-08,04:00:00,151.818,152.008,151.758,151.938,0,0
2018-02-08,05:00:00,151.937,152.01,151.842,151.872,0,0
2018-02-08,06:00:00,151.864,152.074,151.811,152.051,0,0
2018-02-08,07:00:00,152.06,152.514,152.028,152.485,0,0
2018-02-08,08:00:00,152.484,152.616,152.382,152.482,0,0
2018-02-08,09:00:00,152.484,152.602,152.012,152.038,0,0
2018-02-08,10:00:00,152.034,152.16,151.864,151.892,0,0
2018-02-08,11:00:00,151.845,152.121,151.792,152.117,0,0
2018-02-08,12:00:00,152.112,152.372,151.922,152.313,0,0
2018-02-08,13:00:00,152.313,152.524,152.207,152.233,0,0
2018-02-08,14:00:00,152.242,153.597,152.235,153.363,0,0
2018-02-08,15:00:00,153.364,153.901,153.336,153.791,0,0
2018-02-08,16:00:00,153.816,154.01,153.466,153.652,0,0
2018-02-08,17:00:00,153.649,153.704,152.854,152.987,0,0
2018-02-08,18:00:00,152.99,153.036,151.607,151.847,0,0
2018-02-08,19:00:00,151.812,151.824,150.829,151.096,0,0
2018-02-08,20:00:00,151.074,151.85,150.837,151.806,0,0
2018-02-08,21:00:00,151.808,151.995,151.541,151.573,0,0
2018-02-08,22:00:00,151.55,151.688,151.077,151.139,0,0
2018-02-08,23:00:00,151.143,151.438,151.083,151.291,0,0
2018-02-08,23:59:00,151.288,151.55,151.266,151.401,0,0
2018-02-09,01:00:00,151.41,151.441,151.198,151.294,0,0
2018-02-09,02:00:00,151.287,151.657,151.236,151.604,0,0
2018-02-09,03:00:00,151.574,152.07,151.507,151.618,0,0
2018-02-09,04:00:00,151.616,151.791,151.413,151.672,0,0
2018-02-09,05:00:00,151.681,152.102,151.676,151.911,0,0
2018-02-09,06:00:00,151.907,151.997,151.713,151.759,0,0
2018-02-09,07:00:00,151.736,152.027,151.611,151.965,0,0
2018-02-09,08:00:00,151.97,152.326,151.88,152.183,0,0
2018-02-09,09:00:00,152.188,152.679,152.082,152.58,0,0
2018-02-09,10:00:00,152.583,152.752,152.328,152.532,0,0
2018-02-09,11:00:00,152.547,152.555,151.697,151.778,0,0
2018-02-09,12:00:00,151.791,151.892,151.583,151.685,0,0
2018-02-09,13:00:00,151.681,151.688,150.735,150.88,0,0
2018-02-09,14:00:00,150.893,150.893,149.987,150.295,0,0
2018-02-09,15:00:00,150.304,151.079,150.28,150.828,0,0
2018-02-09,16:00:00,150.816,150.864,150.219,150.433,0,0
2018-02-09,17:00:00,150.457,150.491,149.821,150.069,0,0
2018-02-09,18:00:00,150.033,150.247,149.514,149.581,0,0
2018-02-09,19:00:00,149.57,149.671,148.945,149.462,0,0
2018-02-09,20:00:00,149.468,149.68,148.92,149.503,0,0
2018-02-09,21:00:00,149.495,150.181,149.495,149.884,0,0
2018-02-09,22:00:00,149.911,150.53,149.721,150.352,0,0
2018-02-09,23:00:00,150.371,150.459,150.352,150.456,0,0
2018-02-12,01:00:00,150.516,150.522,150.228,150.415,0,0
2018-02-12,02:00:00,150.408,150.445,150.016,150.232,0,0
2018-02-12,03:00:00,150.216,150.435,150.185,150.282,0,0
2018-02-12,04:00:00,150.282,150.523,150.263,150.487,0,0
2018-02-12,05:00:00,150.491,150.704,150.436,150.691,0,0
2018-02-12,06:00:00,150.689,150.783,150.643,150.659,0,0
2018-02-12,07:00:00,150.659,150.752,150.567,150.674,0,0
2018-02-12,08:00:00,150.684,150.697,150.492,150.594,0,0
2018-02-12,09:00:00,150.606,150.611,150.194,150.223,0,0
2018-02-12,10:00:00,150.232,150.813,150.032,150.506,0,0
2018-02-12,11:00:00,150.504,150.804,150.455,150.548,0,0
2018-02-12,12:00:00,150.539,150.727,150.308,150.702,0,0
2018-02-12,13:00:00,150.699,150.822,150.483,150.513,0,0
2018-02-12,14:00:00,150.522,150.612,150.236,150.296,0,0
2018-02-12,15:00:00,150.309,150.417,149.992,150.006,0,0
2018-02-12,16:00:00,150.014,150.32,149.876,150.094,0,0
2018-02-12,17:00:00,150.109,150.194,149.681,149.919,0,0
2018-02-12,18:00:00,149.892,150.253,149.812,150.243,0,0
2018-02-12,19:00:00,150.239,150.433,150.093,150.177,0,0
2018-02-12,20:00:00,150.18,150.415,150.101,150.344,0,0
2018-02-12,21:00:00,150.357,150.438,150.225,150.263,0,0
2018-02-12,22:00:00,150.261,150.417,150.15,150.261,0,0
2018-02-12,23:00:00,150.268,150.37,150.217,150.349,0,0
2018-02-12,23:59:00,150.353,150.447,150.297,150.44,0,0
